start	end	operonid
937	1494	1381287
1577	2098	1381288
2172	2873	1381289
3192	4268	1381290
4451	5389	1381291
5534	6622	1381292
7229	8311	1381293
8492	10471	1381294
10622	12631	1381295
12755	13363	1381296
13498	15675	2124
15937	17687	2125
17853	20408	1381297
20615	21595	1381298
21838	25144	2126
25266	27857	1381299
27990	29030	1381300
29098	32454	2127
32524	33544	2128
33891	35489	1381301
35566	36615	1381302
36721	38538	1381303
38644	39636	1381304
39802	43397	2129
43571	44885	2130
44948	46789	1381305
47007	48017	1381306
48067	49868	2131
49893	50231	1381307
50246	51895	1381308
52260	53108	1381309
53453	54127	1381310
54533	55657	1381311
55669	57224	2132
57340	58815	1381312
59039	59650	1381313
59746	60423	1381314
60524	61522	1381315
61834	64914	2133
64987	65748	1381316
65827	67533	1381317
67606	68361	1381318
68400	69059	1381319
69284	69985	1381320
70016	74229	2134
74498	74785	1381321
74995	75804	1381322
75955	77407	2135
77494	77874	1381323
78467	80800	1381324
80938	81690	1381325
81696	83853	2136
84122	87418	2137
87536	87910	1381326
88017	88661	1381327
88818	90512	1381328
90620	91411	1381329
91517	92482	1381330
93128	95808	2138
95818	96228	1381331
96325	98481	1381332
98609	99199	1381333
99402	100793	1381334
100794	101771	1381335
101884	102831	1381336
102930	105110	1381337
105151	106539	1381338
107471	108325	1381339
108290	110313	2139
110392	110724	1381340
110808	111224	1381341
111585	112559	1381342
113025	114188	1381343
114319	114624	1381344
114874	116477	2140
116518	117693	1381345
117869	118336	1381346
118333	119962	2141
120298	120537	1382271
120719	121660	1381347
121706	121990	1381348
122287	123405	1381349
123501	124348	2142
124452	126443	1381350
126639	127064	1381351
127186	129710	2143
129791	130186	1381352
130167	131039	1381353
131116	131790	1381354
131877	132407	1381355
132483	134177	2144
134437	138112	2145
138295	140535	1381356
140585	141007	1381357
141123	141416	1381358
141648	142442	1381359
142559	143826	2146
144061	145081	2147
145164	145529	1381360
145761	146615	1381361
146724	146831	1381362
146980	147894	1381363
148022	149683	2148
149889	150455	1381364
150594	153050	2149
153622	153996	1381365
154143	156258	2150
156391	156651	1381366
156741	158615	2151
158757	159737	1381367
159812	160093	2152
160258	161058	1381368
161088	161642	1381369
161768	163663	1381370
164037	168152	2153
168533	169921	1381371
169934	170566	1381372
170572	171840	1381373
171939	176139	2154
176256	176501	1381374
176693	178038	2155
178237	182221	2156
182354	183298	1381375
183493	183849	1381376
183935	185636	2157
185772	188898	2158
189128	189715	1381377
190033	190818	1381378
190815	191954	1381379
192136	192783	1381380
192870	195617	2159
195685	196305	1381381
196611	200185	2160
200405	204395	2161
204604	206397	1381382
206863	208338	1381383
208549	209427	1381384
209527	209826	1381385
209896	210546	1381386
210781	211629	1381387
211734	213068	1381388
213031	215037	1381389
215504	218327	2162
218407	219077	2163
219206	219517	1381390
219979	221463	1381391
221742	223596	2164
223673	224806	1381392
224897	226363	1381393
226928	228812	2165
228866	230566	1381394
230658	231839	1381395
232008	234038	1381396
234305	234838	1381397
234905	237438	2166
237600	238745	2167
238804	242047	2168
242246	244144	2169
244160	247569	2170
247619	248713	1381398
249062	251641	2171
251758	255629	2172
255823	256305	1381399
256647	258175	2173
258227	259363	1381400
259702	260271	1381401
260463	261638	1381402
261863	263965	2174
264190	264477	1381403
264516	265938	2175
265995	266600	1381404
266702	268471	1381405
268789	271369	2176
271600	273357	1381406
273802	276283	2177
276429	279561	2178
279512	282700	2179
283060	285080	2180
285144	285938	1381407
286164	287843	1381408
287929	289104	1381409
289322	291174	2181
291626	292708	1381410
292790	293669	2182
293878	294963	1381411
295076	297343	1381412
297493	297888	1381413
298083	298580	1381414
299522	300883	1381415
301110	302354	1381416
302367	303190	2183
303424	303621	1381417
303939	308076	2184
308114	309418	1381418
309649	313715	2185
313705	316904	2186
317127	317849	1381419
317984	318897	2187
319096	320529	1381420
320785	321447	1381421
321699	323606	1381422
323805	327552	2188
327604	331060	2189
331144	334485	2190
334568	335623	1381423
335819	336582	2191
336747	342759	2192
343026	343559	1381424
343863	344720	1381425
344744	345298	1381426
345536	347806	1381427
348384	348734	1381428
348701	350298	2193
350509	352101	2194
352263	359350	2195
359668	364996	2196
365274	368910	2197
369149	372509	2198
372811	379913	2199
380030	383794	2200
384050	386012	2201
386177	389201	2202
389175	390634	2203
390905	391729	1381429
391899	393849	2204
393996	396941	2205
397037	398361	2206
398441	402048	2207
402290	404427	2208
404545	410184	1381430
410315	414544	1381431
414871	415404	1381432
415562	420264	2209
420502	421731	1381433
421765	422612	2210
422772	429614	2211
429810	430169	1381434
430424	431044	1381435
431350	432795	1381436
432779	436158	2212
436234	437265	1381437
437705	439118	2213
439184	440437	1381438
440610	441986	1381439
442164	443933	1381440
443913	445924	2214
446230	448979	2215
449166	450041	1381441
450740	452922	2216
453214	454446	1381442
454712	456586	1381443
456975	458297	1381444
458408	458857	1381445
459200	460096	1381446
460250	460690	1381447
460956	461960	1381448
462147	462554	1381449
462809	463678	1381450
463690	465561	2217
465927	467037	2218
467201	467813	2219
467836	468666	1381451
469001	469546	1381452
469592	470914	1381453
471080	472930	1381454
473414	473662	1381455
473953	474432	2220
474789	477399	2221
477668	482320	1381456
482542	482703	1381457
482945	484564	2222
484799	487353	2223
487287	489377	1381458
489722	496006	2224
496450	497844	1381459
498076	501096	1381460
501178	501990	1381461
502042	506159	2225
506252	508027	1381462
508515	514633	2226
514847	520272	2227
520682	522853	2228
523016	524114	2229
524346	530688	2230
530717	531235	1381463
531446	532867	1381464
533086	539020	2231
539288	539854	1381465
540098	542065	2232
542105	542596	1381466
542803	543342	1381467
543468	544871	1381468
545029	545588	2233
545591	547874	2234
548236	549132	1381469
549129	549701	1381470
549994	550329	1381471
550563	552170	1381472
552220	552867	1381473
553065	554019	2235
554289	554546	1381474
554727	555050	1381475
555262	556946	2236
557423	558979	1381476
559015	561963	2237
562557	563290	2238
563448	565925	1381477
566059	566805	1381478
566983	568905	1381479
569141	572567	2239
572736	572909	1381480
573494	576127	2240
576139	579768	2241
579646	581055	2242
581052	582162	2243
582238	582477	1381481
582481	583573	2244
583680	586342	2245
586858	594243	2246
594454	596311	2247
596498	597247	1382262
597591	598487	1381482
598484	598930	1381483
599062	599913	1381484
599910	603257	2248
603443	604726	1381485
605541	606035	1381486
606465	608594	1381487
609469	610487	2249
611057	612832	1381488
613102	615269	2250
615266	615703	1381489
615968	616324	1381490
616456	617178	2251
617390	618715	2252
619215	622247	2253
622300	624594	2254
624899	627425	2255
627572	630504	2256
630555	631592	1381491
631896	632093	1381492
632213	633157	1381493
633789	636247	2257
636372	637523	1381494
637666	637956	1381495
637993	640613	2258
640737	643482	2259
643549	645497	2260
646129	658047	1381496
658262	660584	2261
660772	664315	2262
664394	667375	2263
667447	667842	1381497
667852	668481	1381498
668776	670949	2264
671006	671707	1381499
671912	673612	2265
673889	676354	2266
676351	679023	2267
679295	679510	1381500
679690	682675	2268
682854	683117	1381501
683140	690252	2269
690399	692576	2270
693211	695874	2271
695975	698458	2272
698723	700814	2273
701138	701350	1381502
701343	704845	2274
705307	706017	1381503
706055	707131	1381504
707437	708812	2275
709045	709797	1381505
710036	712783	2276
712931	713779	1381506
713774	714178	1381507
714465	716153	1381508
716309	721247	2277
721429	723862	2278
724094	724345	1381509
724492	727466	2279
728271	728489	1381510
728660	729484	1381511
730108	732062	2280
732418	734432	2281
734665	736220	2282
736435	739640	2283
739682	741931	1381512
742080	745247	2284
745339	746124	1381513
746303	747019	1381514
747234	753179	2285
753427	754734	1381515
754877	755602	1381516
756053	761228	2286
761482	763263	1381517
763317	764072	1381518
764301	766538	1381519
766727	767608	1381520
767890	768960	2287
769053	771481	2288
771651	773905	2289
773827	776342	2290
776551	779411	2291
780093	781448	1381521
781653	783011	1381522
783379	785215	2292
785665	787812	1381523
787809	790406	1381524
790719	795900	2293
795932	801206	2294
801643	803238	2295
803466	806384	1381525
806716	809325	1381526
809450	810658	1381527
810922	811245	1382263
811489	812793	1381528
813028	813594	1381529
813799	816215	2296
816298	817810	2297
817967	821352	2298
821550	821783	1381530
821993	822706	2299
822837	823367	1381531
823383	824015	1381532
824228	825915	2300
826070	826249	1381533
826637	831582	2301
831702	832265	1381534
832391	842613	2302
843105	843575	1381535
843613	844032	1381536
844180	845874	2303
845966	846328	1381537
846509	847810	1381538
848074	852447	2304
852470	853281	2305
853497	861737	2306
861873	873270	2307
873465	874550	1381539
874693	878521	2308
878564	878890	1381540
878937	879209	1381541
879408	881838	2309
882023	888084	2310
888358	890605	2311
890827	891024	1381542
891276	900662	2312
901197	903055	2313
903148	903606	1381543
904115	905506	1381544
905575	906789	1381545
906972	907826	1381546
907990	908313	1381547
908353	910994	2314
911357	912883	1381548
913296	913856	1381549
914052	914441	1381550
914780	915190	1381551
915304	917346	2315
917816	920014	1381552
920331	920915	1381553
920942	921196	1381554
921549	922637	1381555
922844	923839	2316
924086	926033	2317
926313	926558	1381556
926860	927228	1381557
927333	927758	1381558
927959	928750	1381559
928806	929885	1381560
930148	931389	2318
931639	934293	2319
934324	935236	2320
935409	940240	2321
940638	941270	1381561
941686	943941	1381562
944187	946382	1381563
946522	953098	2322
953752	954456	1381564
954453	955427	1381565
955805	956116	1381566
956275	957788	2323
958137	965800	2324
965938	969294	2325
969762	971289	2326
971460	972317	1381567
972485	975489	2327
975779	981694	2328
981691	982629	1381568
982968	983540	2329
983804	986222	2330
986492	989505	2331
989717	991603	1381569
991735	994213	2332
994343	996807	2333
996850	997806	1381570
998010	998918	1381571
999029	1001563	1381572
1001639	1002106	1381573
1002633	1004777	1381574
1005181	1011759	2334
1011975	1012619	1381575
1012616	1012888	1381576
1013045	1014337	1381577
1014587	1015396	1381578
1015511	1017495	2335
1017600	1018493	1381285
1018650	1019583	2336
1019808	1020761	1381579
1021421	1022008	1381580
1022278	1025346	2337
1025423	1029331	2338
1029337	1030083	1381581
1030195	1030989	1381582
1031202	1038052	2339
1038038	1039042	1381583
1039196	1039732	1381584
1040092	1040355	1381585
1040531	1044450	2340
1044517	1044693	1381586
1044915	1046830	2341
1047005	1048357	1381587
1048406	1049016	2342
1049517	1050407	1381588
1050490	1052121	2343
1052518	1052784	1381589
1052927	1053754	1381590
1053955	1056466	2344
1056714	1062111	2345
1062238	1065204	1381591
1065398	1065622	1381592
1065660	1069010	1381593
1069178	1069609	1381594
1069666	1075629	2346
1076065	1076454	1381595
1076474	1077019	1381596
1077755	1080501	2347
1080695	1081696	1381597
1081887	1082141	1381598
1082437	1089190	2348
1089400	1090323	1381599
1090680	1091631	2349
1091698	1095571	2350
1095772	1096683	1381600
1097077	1098063	1381601
1098323	1099171	1381602
1099214	1102014	2351
1102283	1104058	1381603
1104246	1104647	1381604
1105030	1105545	1381605
1105666	1109452	2352
1109620	1111955	2353
1112531	1114249	1381606
1114429	1116021	1381607
1116360	1116629	1381608
1117107	1119674	1381609
1119916	1120509	1381284
1120643	1121524	1381610
1121627	1123180	1381611
1123441	1130007	2354
1130313	1131683	1381612
1131810	1132247	1381613
1132264	1133690	2355
1133879	1135108	1381614
1135337	1137167	2356
1137375	1140474	2357
1140497	1142015	2358
1142101	1142412	1381615
1142501	1142893	1381616
1143047	1144231	1381617
1144728	1146173	1381618
1146290	1146718	1381619
1147034	1148098	1381620
1148722	1149297	1381621
1149471	1152431	2359
1152549	1154101	2360
1154330	1156975	2361
1157029	1158909	1381622
1159029	1160804	1381623
1160787	1161260	1381624
1161441	1164338	2362
1164496	1166764	2363
1167053	1167247	1381625
1167333	1167464	1381626
1167510	1167779	1381627
1167961	1170187	2364
1170571	1179621	1381628
1179926	1180672	1381629
1181064	1184664	2365
1184711	1188885	2366
1189110	1190383	2367
1190867	1200412	2368
1200376	1201392	1381630
1201494	1204098	2369
1204276	1206547	2370
1206947	1207993	1381631
1208020	1211202	2371
1211638	1212420	1381632
1212600	1213358	1381633
1214188	1214937	1381634
1215453	1216151	1381635
1216281	1217168	1381636
1217156	1222230	2372
1222610	1223431	2373
1223666	1224646	1381637
1224777	1226566	2374
1226686	1226982	1381638
1227090	1227563	1381639
1227591	1227932	1381640
1228237	1229938	2375
1229971	1233932	2376
1233784	1234512	1381641
1234509	1236056	2377
1236316	1237449	1381642
1237543	1238988	1381643
1239156	1240212	2378
1240361	1241302	1381283
1241313	1242191	1381644
1242336	1242605	1381645
1242765	1242989	1381646
1243274	1245859	2379
1245892	1247115	1381647
1247192	1250176	2380
1250442	1252535	1381648
1252593	1254623	2381
1254783	1255739	1381649
1256125	1258263	2382
1258444	1261052	2383
1261217	1263260	2384
1263414	1267950	2385
1268189	1268308	1381650
1268388	1269410	1381651
1269407	1270738	1381652
1271069	1272274	1381653
1272370	1273248	1381654
1273408	1275281	2386
1275372	1278122	2387
1278293	1280542	1381655
1280567	1283702	2388
1283741	1285943	2389
1286105	1286902	1381656
1286868	1289112	2390
1289389	1290354	1381657
1290478	1292679	2391
1292820	1295551	2392
1295568	1298965	2393
1299120	1299725	1381658
1299729	1300611	2394
1300661	1301656	1381659
1301671	1302780	1381660
1303295	1304596	1381661
1304971	1306443	1381662
1306436	1309348	1381663
1309482	1311234	2395
1311828	1312277	1381664
1312309	1314639	2396
1314909	1316063	1381665
1316227	1318470	2397
1318719	1319330	1381666
1319546	1320541	1381667
1320835	1322523	2398
1322687	1324763	2399
1324835	1325404	1381668
1325715	1326134	1381669
1326150	1326626	1381670
1326880	1329115	2400
1329388	1329990	1381671
1330110	1332144	2401
1332429	1335361	2402
1335571	1336980	1381672
1337299	1341122	2403
1341131	1345677	2404
1346197	1347044	2405
1347474	1349898	2406
1350236	1352239	2407
1352256	1353431	1381673
1353596	1353904	1381674
1354094	1356553	2408
1356550	1360372	2409
1360434	1363272	2410
1363265	1365463	2411
1365571	1366215	1381675
1366464	1366769	1381676
1367129	1370426	2412
1371168	1372286	1381677
1372455	1375193	1381678
1375351	1378545	1381679
1378662	1381890	2413
1382086	1383755	2414
1383828	1385748	2415
1385754	1388296	2416
1388912	1392791	2417
1392972	1393487	1381680
1393616	1395755	2418
1395922	1396176	1381681
1396311	1397069	1381682
1397211	1397525	1381683
1397819	1400311	2419
1400488	1400901	1381684
1401059	1401361	1381685
1401809	1403002	1381686
1403199	1406847	2420
1407043	1408455	1381687
1408483	1412551	2421
1412923	1413666	1381688
1414126	1418681	2422
1418995	1419573	1381689
1419906	1420846	2423
1420940	1422142	1381690
1422426	1427651	1381691
1428196	1428930	1381692
1429329	1430072	1381693
1430419	1431485	2424
1431698	1431901	1381694
1431996	1434640	2425
1434901	1437163	2426
1437373	1439426	2427
1439487	1444046	2428
1444115	1446839	2429
1447097	1451343	2430
1451319	1452518	1381695
1452872	1454654	2431
1454902	1455708	1381696
1455753	1459930	2432
1460129	1460566	1381697
1460815	1463245	2433
1463455	1464302	2434
1464326	1467266	2435
1468153	1468959	1381698
1469013	1470347	2436
1470610	1477657	2437
1477647	1478891	1381699
1478988	1479782	1381700
1479950	1480177	1381701
1480463	1483253	2438
1483397	1483603	1381702
1484212	1486265	2439
1486688	1487410	1381703
1487445	1488395	1381704
1488843	1490426	1381705
1490683	1491363	1381706
1491634	1492686	1381707
1493025	1497116	2440
1497306	1497878	1381708
1498110	1499222	1381709
1499299	1504548	1381710
1504818	1507415	2441
1507481	1508092	1381711
1508171	1509768	2442
1509990	1514010	2443
1514130	1516424	2444
1516659	1517171	1381712
1517576	1518604	1381713
1519114	1519953	1381714
1520009	1522226	2445
1522300	1523310	2446
1523527	1523984	2447
1524568	1525086	1381715
1525205	1527174	2448
1527171	1535923	2449
1536117	1537793	1381716
1537828	1543701	2450
1543757	1546978	2451
1547182	1548558	1381717
1548873	1550738	1381718
1550952	1552895	1381719
1553601	1554776	2452
1555061	1555774	1381720
1556037	1556438	1381721
1556475	1558127	1381722
1558427	1558651	1381723
1559069	1560150	2453
1560387	1561424	1381724
1561693	1562842	2454
1563115	1568090	2455
1568317	1570019	2456
1570209	1572615	2457
1572849	1575701	1381725
1575924	1576592	1381726
1576765	1578552	1381727
1578725	1579243	1381728
1579624	1581810	2458
1582206	1583198	1381729
1583249	1585083	2459
1585209	1587020	1381282
1587231	1587827	1381730
1587899	1590382	2460
1590496	1592364	1381731
1592918	1596619	2461
1596795	1598928	2462
1598972	1599538	1381732
1600659	1602201	2463
1602482	1604159	2464
1604293	1604463	1381733
1604863	1606645	2465
1607353	1607952	1381734
1608232	1609320	1381735
1609539	1614401	2466
1614572	1615648	1381736
1615869	1616528	1381737
1616904	1617419	1381738
1617376	1619653	2467
1620037	1620539	2468
1620973	1623093	2469
1623130	1625095	2470
1625291	1631005	2471
1631265	1639247	2472
1639944	1640519	1381739
1640786	1641238	1381740
1641278	1643271	2473
1643502	1643600	1381275
1643682	1648090	2474
1648681	1650443	2475
1650889	1652358	1381741
1652397	1653296	1381742
1653402	1654664	1381743
1654943	1655140	1381744
1655289	1655672	1381745
1656043	1658325	1381746
1658511	1659788	1381747
1660069	1660711	2476
1660739	1666699	2477
1666932	1668941	2478
1669101	1671864	2479
1672071	1678565	2480
1679517	1679804	1381748
1680662	1682134	1381749
1682001	1682327	1381750
1682870	1684260	2481
1684497	1684691	1381751
1684928	1687218	2482
1687326	1688053	2483
1688213	1691442	2484
1691493	1695511	2485
1695886	1696797	1381752
1697011	1697913	1381753
1697993	1699980	2486
1699970	1700431	1381754
1700893	1702118	2487
1702300	1703226	2488
1703426	1704097	1381755
1704375	1710668	2489
1710814	1711659	2490
1712080	1712409	1381756
1712564	1713256	1381757
1713409	1716900	2491
1716932	1721125	2492
1721350	1722006	1381758
1722160	1722969	1381759
1723452	1724570	1381760
1724597	1725178	1381761
1725431	1726278	2493
1726697	1728306	2494
1729012	1730028	1381762
1730166	1731206	1381763
1731311	1732648	1381764
1732809	1734323	1381765
1734382	1738117	2495
1738184	1739035	1381766
1739130	1740020	1381767
1740188	1742375	2496
1742434	1744192	2497
1744498	1746093	1381768
1746308	1747363	1381769
1747520	1748893	1381770
1749146	1750510	1381771
1750681	1751067	1381772
1751311	1751769	1381281
1751951	1752826	1381773
1752891	1754501	1381774
1754634	1755152	1381775
1755592	1756584	2498
1756594	1758542	2499
1758693	1759691	1381776
1759941	1762424	1381777
1762454	1762879	1381778
1763340	1763624	1381779
1763726	1764838	1381780
1764835	1766925	1381781
1767270	1768695	2500
1768748	1770457	1382264
1770690	1771421	1381782
1771458	1772243	1381783
1772457	1773203	1381784
1773346	1776150	1381785
1776081	1777537	2501
1777729	1780298	2502
1780484	1781005	1381786
1781209	1782060	1381787
1782057	1783672	2503
1783855	1784934	1381788
1784994	1785560	1381789
1785835	1788372	1381790
1788550	1789908	1381791
1790235	1793608	2504
1793852	1795027	1381792
1795121	1795564	1381793
1795778	1798658	2505
1798804	1802680	2506
1802742	1804142	1381794
1804403	1806296	2507
1806871	1808724	2508
1808922	1810946	1381795
1811130	1811501	1381796
1811746	1813557	1381797
1813554	1815304	2509
1815454	1816371	1381798
1816855	1819997	2510
1820238	1821638	2511
1821824	1823130	2512
1823570	1823686	1381799
1823968	1824732	1381800
1824953	1825468	1381801
1825558	1829491	2513
1829553	1830497	1381802
1830628	1831929	2514
1832360	1833169	1381803
1833176	1834299	2515
1834508	1835503	1381804
1835747	1838130	2516
1838299	1839252	1381805
1839259	1840491	1381806
1841056	1842690	1381807
1842983	1845266	2517
1845795	1853742	2518
1854102	1855982	1381808
1856070	1857917	1381809
1858047	1863049	2519
1863247	1863987	1381810
1864239	1865473	2520
1865658	1871002	2521
1871011	1872589	2522
1872656	1873648	1381811
1873698	1874846	1381812
1875129	1876841	2523
1877208	1878055	2524
1878099	1879682	1381813
1879983	1880699	1381814
1881917	1883311	1381815
1883329	1884573	1381816
1884739	1884927	1381817
1885136	1886737	2525
1887159	1888262	1381818
1888398	1892119	2526
1892478	1892825	1381819
1892918	1895425	1381820
1895520	1896599	1381821
1896869	1897561	1381822
1897570	1898412	1381823
1898437	1899240	1381824
1899700	1901148	1381825
1901385	1902232	2527
1902437	1905977	2528
1906170	1908621	2529
1908804	1910095	2530
1910499	1911494	1381826
1911570	1914652	2531
1914818	1918608	2532
1918815	1920548	2533
1920660	1921919	1381827
1922124	1922738	1381828
1922791	1923472	2534
1924251	1924850	1381829
1924999	1927700	2535
1927725	1928021	1381830
1928323	1930626	1381831
1931139	1933418	2536
1933468	1934060	2537
1934307	1935530	1382265
1935912	1938782	2538
1938985	1939494	1381832
1939865	1942087	2539
1942234	1942701	1381833
1942923	1945374	2540
1945518	1948824	2541
1949613	1957486	2542
1957758	1959325	2543
1959436	1961079	1381834
1961439	1961876	2544
1962366	1962545	1381835
1962705	1965949	2545
1966146	1969118	1381836
1969468	1970988	2546
1970952	1971968	1381837
1972154	1973061	2547
1973611	1974765	1381838
1975056	1975481	1381839
1975575	1975874	1381840
1976019	1976720	1381841
1976799	1980193	2548
1980365	1981471	1381842
1982049	1985658	2549
1985874	1986872	1381843
1987100	1988837	2550
1988834	1991266	1381844
1991550	1993274	1381845
1993377	1997251	2551
1997497	1997709	1382270
1997993	2002194	2552
2002241	2004465	2553
2004626	2006563	2554
2006824	2008752	2555
2008874	2010004	1381846
2010218	2014185	2556
2014182	2016818	2557
2017104	2018788	2558
2018851	2021035	2559
2021252	2023071	2560
2023278	2028126	2561
2028157	2028744	1381847
2028832	2030974	2562
2031001	2032473	1381848
2032601	2032891	1381849
2032951	2034123	1381850
2034162	2034803	1381280
2035067	2036850	2563
2036911	2039063	2564
2039078	2040161	2565
2040280	2041458	1381851
2041594	2042982	2566
2043107	2046364	2567
2046961	2047335	1381852
2047495	2048374	2568
2048497	2050130	2569
2050496	2051412	2570
2051479	2062621	2571
2062905	2065523	1381853
2065509	2065808	1381854
2066001	2066999	1381855
2067522	2068763	1381856
2068855	2069694	1381857
2070019	2072887	2572
2073161	2074957	2573
2075381	2075971	1381858
2075968	2080120	2574
2080885	2082720	1381859
2082864	2083916	1381860
2084575	2084760	1381861
2085211	2086110	2575
2086305	2087129	1381862
2087356	2087733	1381863
2088130	2088492	1381864
2088680	2090023	1381865
2090026	2092178	2576
2092519	2094924	2577
2095034	2095666	1381866
2095723	2097574	2578
2097643	2098602	1381867
2098921	2100261	1381868
2100463	2101980	1381869
2101977	2102567	1381870
2102769	2105770	2579
2105813	2107645	1381871
2107664	2115877	2580
2116083	2121146	2581
2121641	2123347	1381872
2123646	2123996	1381873
2124296	2126246	2582
2126243	2127589	1381874
2127879	2128524	2583
2128767	2130941	1381875
2131105	2131539	1381876
2131616	2132098	1381877
2132257	2132457	1381878
2132796	2133545	1381879
2133549	2134022	1381880
2134202	2138439	2584
2138723	2139142	1381881
2139193	2140395	1382266
2140664	2141593	1381882
2141613	2144246	1381883
2144427	2145812	2585
2146000	2146467	1381884
2146801	2147376	1381885
2147548	2148033	1381886
2148253	2151401	2586
2151606	2152190	1381887
2152291	2152629	1382267
2152932	2153933	1381888
2154205	2154498	1381889
2154516	2156265	2587
2156497	2156961	1381890
2157442	2159355	2588
2159620	2176772	2589
2177115	2183958	2590
2184030	2190236	2591
2190933	2193390	2592
2193591	2193812	1381891
2194405	2197620	2593
2197732	2200959	1381892
2201147	2202550	1381893
2202944	2205372	2594
2205774	2207159	2595
2207370	2210161	2596
2210451	2210928	2597
2211283	2214735	2598
2214685	2215551	1381894
2216476	2219175	1381895
2219122	2224568	2599
2224789	2227404	2600
2227829	2228377	1381896
2228445	2230328	1381897
2230487	2233036	2601
2233037	2234753	2602
2235072	2235458	1381898
2235561	2236408	2603
2236419	2237054	1381899
2237134	2238189	1381900
2238277	2238954	1381901
2239239	2243137	2604
2243250	2243729	1381902
2243851	2246631	2605
2246867	2250474	2606
2250711	2251496	1381903
2251657	2252958	1381904
2253169	2253807	1381905
2254112	2256454	1381906
2256697	2259243	2607
2259402	2259863	1381907
2260429	2262576	1381908
2262805	2263380	1381909
2263827	2264510	1381910
2264491	2264781	1381911
2265213	2266646	1381912
2266850	2267344	1381913
2267490	2269085	1381914
2269126	2270163	1381915
2270624	2279406	2608
2279497	2280006	1381916
2280267	2280947	1381917
2280998	2284777	2609
2284791	2285997	2610
2286186	2287067	2611
2287334	2287579	1381918
2287948	2289525	1381919
2289704	2290421	2612
2290705	2290959	1381920
2291091	2291897	1381921
2292188	2294878	1381922
2295152	2297341	1381923
2297368	2299118	2613
2299347	2302446	2614
2302638	2303279	1381924
2303507	2304561	2615
2304558	2306410	2616
2306600	2310991	2617
2311377	2312495	1381925
2312664	2314574	1381926
2314780	2316924	1381927
2317112	2324636	2618
2325045	2325629	1381928
2325864	2328029	2619
2328393	2328870	2620
2329304	2330119	1381279
2330147	2330359	1381929
2330788	2333817	2621
2334042	2335503	2622
2335706	2337023	2623
2337062	2338450	1381930
2338636	2347127	2624
2347500	2349911	1381931
2350140	2350256	1381932
2350372	2350983	1381933
2351323	2365685	2625
2365930	2370646	2626
2370818	2374788	2627
2375068	2377527	2628
2377709	2383636	2629
2383949	2384728	1381934
2385351	2387168	2630
2387424	2388872	1381935
2389062	2389900	2631
2390216	2394871	2632
2395103	2397441	2633
2397478	2400616	2634
2400914	2404507	2635
2404615	2406966	2636
2407236	2407412	1382269
2407565	2408686	1381936
2408869	2412110	2637
2412178	2412798	1381937
2412826	2414313	1381938
2414584	2414679	1381939
2414833	2415318	1381940
2415410	2419894	2638
2420030	2421445	1381941
2421536	2423432	2639
2423621	2426343	2640
2426297	2427787	1381942
2428010	2429291	2641
2429543	2431499	2642
2431704	2432438	1381943
2432459	2436304	2643
2436443	2437228	1381944
2437235	2438815	2644
2439092	2440312	1381945
2440295	2440933	1381946
2441098	2443308	2645
2443461	2443859	1381947
2443999	2444847	1381948
2444743	2445426	1381949
2445550	2445915	1381950
2446395	2447339	1381951
2447491	2448123	1381952
2448222	2448404	1381953
2454087	2455711	2646
2455755	2456768	1381954
2456935	2459377	2647
2459374	2461058	2648
2461358	2464304	2649
2464527	2465009	1381955
2465076	2468872	2650
2469245	2470429	1381956
2470591	2471670	1381957
2471954	2473255	1381278
2473645	2474796	1381958
2475195	2475848	1381959
2476020	2478136	2651
2478414	2479826	1381960
2480028	2480818	2652
2481361	2482688	2653
2482743	2483528	1381961
2483643	2484827	1381962
2484890	2485183	1381963
2485646	2486194	1381964
2486607	2489428	2654
2489484	2489864	1381965
2490326	2493004	1381966
2493033	2497538	2655
2497726	2501155	2656
2501221	2503878	1381967
2504415	2507405	2657
2507382	2508362	1381968
2508477	2509584	2658
2509823	2510014	1381969
2510273	2511295	1381970
2511514	2512209	1381971
2512467	2513648	1381972
2513806	2515974	1381973
2516150	2518184	2659
2518321	2521857	1381974
2521830	2523737	1381975
2523867	2524562	1381976
2524573	2525420	2660
2525827	2526207	1381977
2526633	2528081	1381978
2528160	2528735	1381979
2529009	2530892	1381980
2530968	2532430	2661
2532823	2533695	1381981
2534106	2535455	2662
2535487	2536758	1381982
2536824	2537838	2663
2537896	2538807	1381983
2539000	2540658	1381984
2540821	2542724	2664
2542935	2543687	1381985
2543725	2549341	2665
2549388	2550523	2666
2550753	2551646	1381986
2551682	2552962	2667
2553961	2555439	1381987
2555593	2555916	1381988
2556081	2556503	1381989
2556814	2558319	1381990
2558423	2558617	1381991
2558820	2561305	2668
2561499	2561993	1381992
2562056	2565445	2669
2565427	2568091	2670
2568182	2568973	1381993
2568975	2575910	2671
2576092	2579161	2672
2579308	2582393	2673
2582441	2584519	2674
2584793	2585458	1381994
2585489	2588650	2675
2588884	2589633	1381995
2589851	2593107	2676
2593329	2595161	2677
2595280	2596566	1381996
2596787	2597848	1381997
2597851	2599197	1381998
2599315	2599974	1381999
2600012	2600491	1382000
2600705	2603782	2678
2603947	2604555	1382001
2604794	2605894	1382002
2606095	2607357	1382003
2607812	2610516	2679
2610706	2612715	1382004
2612907	2613317	1382005
2613481	2613600	1382006
2613717	2617889	2680
2618067	2624907	2681
2625095	2625481	1382007
2625478	2627874	2682
2628002	2629112	2683
2629271	2630266	1382008
2630469	2631868	2684
2632124	2633509	1382009
2633852	2636046	2685
2636236	2639441	2686
2639627	2641813	2687
2642135	2643145	1382010
2643403	2644569	1382011
2644795	2645097	1382012
2645271	2646074	1382013
2646623	2647282	1382014
2647386	2650184	1382015
2650377	2650997	1382016
2651440	2652951	2688
2653153	2655123	1382017
2655459	2657077	2689
2657148	2657594	1382018
2657850	2658632	1382019
2659080	2661744	2690
2661959	2663284	1382020
2663366	2664000	2691
2664403	2667521	2692
2667542	2668972	1382021
2669089	2670156	1382022
2670115	2673970	2693
2674101	2676196	2694
2676937	2677755	1382023
2678140	2679738	1382024
2679884	2680489	1382025
2680550	2683226	2695
2683443	2684824	2696
2684959	2687549	2697
2687952	2691445	2698
2691528	2695145	2699
2695620	2695775	1382026
2696125	2696406	1382027
2696549	2696836	1382028
2697151	2699145	2700
2699172	2699855	1382029
2700069	2700818	1382030
2700944	2701735	1382031
2701931	2705530	1382032
2705678	2705983	1382033
2706733	2707698	1382034
2708257	2711107	2701
2711419	2717713	2702
2718050	2718754	1382035
2718963	2720213	1382036
2720250	2722234	2703
2722431	2724419	2704
2724648	2725103	1382037
2725326	2728708	2705
2728812	2730071	1382038
2730649	2731563	1382039
2731560	2732774	1382040
2733081	2733986	1382041
2734030	2734323	1382042
2734522	2735598	2706
2735806	2738552	2707
2738712	2738915	1382043
2739149	2740654	1382044
2740911	2741327	1382045
2741674	2743125	1382046
2743295	2745766	2708
2745934	2747334	2709
2747604	2750441	2710
2750577	2750816	1382047
2751026	2754613	1382048
2754850	2755086	1382049
2755703	2760380	2711
2760435	2760632	1382050
2760689	2762953	2712
2763170	2763733	1382051
2763867	2765252	1382052
2765554	2768766	1382053
2769125	2770633	1382054
2770857	2775169	2713
2775324	2778946	2714
2779510	2781033	1382055
2781403	2790246	2715
2791074	2791526	1382056
2791820	2793001	1381277
2793159	2794880	2716
2794938	2796656	2717
2797039	2798410	2718
2798613	2799473	1382057
2799650	2801014	1382058
2801140	2803035	1382059
2803366	2806114	2719
2806082	2807059	1382060
2807211	2809804	2720
2810100	2811593	1382061
2811628	2812720	2721
2812914	2814924	2722
2815069	2815509	1382062
2815567	2816320	2723
2816517	2816960	1382063
2816991	2817453	2724
2817862	2819877	2725
2819894	2821855	1382064
2822101	2822454	1382065
2822579	2823535	1382066
2823646	2825711	2726
2825718	2827947	2727
2828140	2831615	2728
2831881	2833083	1382067
2833378	2835867	1382068
2835816	2837510	1382069
2837795	2839379	2729
2839689	2842575	2730
2842772	2844742	2731
2844809	2847189	2732
2847323	2848348	1382070
2848345	2848983	1382071
2849096	2850259	1382072
2850331	2853344	2733
2853611	2854486	1382073
2854916	2856130	1382074
2856160	2857410	1382075
2857507	2859919	2734
2860071	2860289	1382076
2860500	2861072	1382077
2861101	2861838	1382078
2862005	2862394	1382079
2862558	2863031	1382080
2863093	2866923	1382081
2867372	2869561	2735
2869752	2870699	1382082
2870696	2871418	1382083
2871674	2873116	1382084
2873258	2876855	2736
2876845	2879771	2737
2879965	2880549	1382085
2880766	2881155	1382086
2881378	2883819	1382087
2883920	2884276	1382088
2884357	2884839	1382089
2885022	2885810	1382090
2886182	2889122	2738
2889265	2890320	1382091
2890566	2891198	1382092
2891201	2893012	1382093
2893184	2894779	1382094
2894946	2905235	2739
2905482	2906510	1382095
2906797	2907429	1382096
2907447	2910874	2740
2911122	2911859	1382097
2911990	2915796	2741
2915853	2918774	2742
2918957	2921223	2743
2921446	2922439	2744
2922907	2924567	2745
2924779	2927283	2746
2927280	2930755	2747
2930768	2932009	2748
2932211	2934172	2749
2934430	2935320	1382098
2935471	2937525	1382099
2937748	2938308	1382100
2938630	2939631	1382101
2939802	2940515	1382102
2940566	2944889	2750
2945070	2946137	1382103
2946344	2948086	1382104
2948563	2949819	1382105
2950107	2950343	1382106
2951099	2952454	1382107
2952561	2954255	1382108
2954506	2957364	2751
2957479	2960756	2752
2961120	2961443	1382109
2961619	2963227	2753
2963397	2966033	2754
2966154	2966537	1382110
2966735	2967931	1382111
2968169	2969188	1382112
2969677	2971200	1382113
2971475	2972095	1382114
2972215	2975703	2755
2975741	2978162	2756
2978508	2980600	2757
2980659	2984747	2758
2984985	2987194	2759
2987263	2988609	1382115
2988807	2991898	2760
2992055	2993323	2761
2993505	2995717	2762
2995908	2997441	2763
2997811	2998080	1382116
2998239	2998925	1382117
2999181	3000560	1382118
3000786	3001742	1382119
3002075	3004453	2764
3004454	3006640	1382120
3007280	3009251	2765
3009463	3011424	2766
3011672	3014128	1382121
3014390	3016696	1382122
3017183	3019890	2767
3020301	3021821	1382123
3021893	3024271	2768
3024508	3025746	1382124
3026236	3027657	1382125
3028501	3031828	2769
3032496	3035412	2770
3035634	3037064	2771
3037310	3038044	1382126
3038375	3039166	1382127
3039858	3042408	2772
3042487	3042684	1382128
3042789	3043613	1382129
3043528	3043926	1382130
3044833	3047265	2773
3047714	3048635	2774
3048902	3050967	2775
3051086	3057151	2776
3057217	3058329	1382131
3058411	3060339	1382132
3060469	3061205	2777
3061357	3063522	1382133
3063549	3066207	2778
3066429	3067177	2779
3067358	3071321	2780
3071459	3071941	1382134
3072406	3073656	1382135
3073629	3074738	1382136
3075110	3078550	2781
3078838	3084123	2782
3084346	3088883	2783
3089093	3091014	2784
3091244	3093017	2785
3093408	3095586	2786
3096048	3098718	2787
3098729	3101566	1382137
3101820	3103579	2788
3103784	3104104	1382138
3104142	3107102	1382139
3107285	3108493	1382140
3108643	3110560	2789
3110910	3111830	1382141
3111996	3114287	2790
3114479	3115447	1382142
3115572	3116682	2791
3117042	3118091	1382143
3118192	3119515	2792
3119608	3123069	2793
3123182	3125035	1382144
3125045	3131986	2794
3132577	3138604	2795
3138917	3139855	1382145
3140045	3140356	1382146
3140307	3140678	1382147
3140713	3142875	1382148
3142957	3143571	1382149
3143696	3151977	2796
3152239	3152787	1382150
3152955	3154660	2797
3154910	3158048	2798
3158106	3159116	1382151
3159350	3160651	1382152
3160717	3161886	1382153
3161899	3164243	2799
3164404	3165591	1382154
3166050	3166448	1382155
3166607	3167680	1382156
3167887	3168801	1382157
3169054	3173158	2800
3173335	3176259	2801
3176543	3178066	1382158
3178231	3180135	1382159
3180380	3181537	1382160
3181708	3182013	1382161
3182315	3186250	2802
3186379	3188043	1382162
3188483	3189748	1382163
3189929	3191664	2803
3191661	3192494	1382164
3192683	3196542	2804
3196783	3199783	2805
3199930	3201452	2806
3201688	3202689	1382165
3202699	3210452	2807
3210650	3211606	1382166
3211808	3214510	2808
3214581	3217427	1382167
3217855	3218655	1382168
3218679	3219985	2809
3220162	3221106	1382169
3221251	3223864	2810
3224429	3225334	1382170
3225628	3227909	2811
3228010	3228375	1382171
3228712	3229590	1382172
3229780	3233180	2812
3233177	3235186	2813
3235429	3235680	1382173
3235746	3239748	2814
3240181	3241068	1382174
3241089	3243781	2815
3244079	3246101	2816
3246401	3247816	1382175
3248310	3250291	2817
3250985	3254414	2818
3254560	3257670	1382176
3257692	3259887	1382177
3260137	3261276	1382178
3261406	3262062	1382179
3262064	3264162	2819
3264290	3267022	1382180
3267244	3270196	2820
3270451	3273442	2821
3273693	3274016	1382181
3274546	3277923	2822
3278122	3279135	1382182
3279390	3282307	2823
3282442	3282912	1382183
3283104	3283406	1382184
3283467	3284165	1382185
3284283	3284846	1382186
3285051	3287168	1382187
3287354	3289264	1382188
3289256	3290785	1382189
3291097	3291966	1382190
3292177	3292884	1382191
3293078	3294505	1382192
3294498	3295250	1382193
3295580	3296443	1382194
3296462	3297247	1382195
3297312	3298097	1382196
3298326	3301393	2824
3301555	3302622	1382197
3302812	3304680	2825
3304872	3305381	1382198
3305654	3308773	1382199
3308878	3309474	1382200
3309530	3311431	1382201
3311660	3313345	1382202
3313667	3315754	1382203
3315938	3316735	1382204
3317363	3318804	2826
3318829	3320051	2827
3320075	3322763	2828
3323275	3324552	1382205
3330281	3332821	2829
3333244	3335046	1382206
3335247	3336242	1382207
3336407	3339485	2830
3339500	3340969	1382208
3341166	3341843	1382209
3342125	3342442	1382210
3342857	3344944	1382211
3345027	3347656	2831
3347941	3351296	2832
3351526	3352353	1382212
3352682	3353732	2833
3354192	3358862	1382213
3359578	3360579	1382214
3360732	3361886	1381276
3362057	3363166	1382215
3363266	3367137	2834
3367417	3370946	2835
3371247	3373689	2836
3373719	3374765	1382216
3375291	3377588	1382217
3377869	3378279	1382218
3378247	3379767	2837
3380130	3382397	2838
3382575	3383369	1382219
3383577	3383846	1382220
3384151	3386493	2839
3386777	3388465	1382221
3388694	3398261	2840
3398409	3398717	1382222
3398899	3399261	1382223
3399457	3403372	2841
3403557	3404306	1382224
3404545	3405249	1382225
3405462	3406311	2842
3406416	3407822	1382226
3408051	3410623	2843
3410761	3411852	1382227
3411849	3414667	2844
3414833	3415525	1382228
3415989	3416924	1382229
3417442	3418851	1382230
3418971	3419420	1382231
3419545	3421714	2845
3421907	3422482	1382232
3423032	3424381	1382233
3424394	3426518	2846
3427756	3428013	1382234
3428383	3429171	2847
3429461	3433020	2848
3433362	3434705	2849
3434876	3436435	1382235
3436529	3441844	1382236
3442661	3443311	1382237
3443514	3447386	1382238
3447715	3449110	2850
3449928	3452129	1382239
3452461	3454425	2851
3454422	3456056	1382240
3456238	3456954	1382241
3457459	3459397	2852
3459781	3461654	2853
3461844	3462422	1382242
3462883	3463341	1382243
3463667	3465289	1382244
3465779	3467743	1382245
3467881	3468696	1382246
3468873	3471842	2854
3472053	3473485	2855
3473513	3474199	1382247
3475181	3475618	1382248
3476059	3477754	2856
3478132	3479034	1382249
3479219	3482141	2857
3482568	3483284	1382250
3483472	3493482	2858
3493885	3496905	1382251
3497016	3498771	2859
3498903	3503178	2860
3503304	3504092	2861
3504240	3509747	2862
3510030	3511580	1382268
3511818	3512291	1382252
3512315	3513163	1382253
3513229	3514040	2863
3514232	3516208	1382254
3516539	3520561	2864
3520597	3523260	2865
3523717	3526591	2866
3527045	3528088	2867
3528265	3530971	2868
3530979	3532400	2869
3532600	3533610	1382255
3533844	3536422	2870
3536464	3538215	2871
3538411	3540212	2872
3540326	3542936	2873
3543143	3544210	1382256
3544207	3546532	2874
3546840	3549706	2875
3549956	3551020	1382257
3551159	3552382	1382258
3552457	3552954	1382259
3553097	3555512	2876
3555674	3557094	2877
3557139	3561144	2878
3561162	3561794	1382260
3561946	3564639	1382261
3564838	3567720	2879
3568022	3572403	2880
3573271	772	1381286