id	hl	bvsr	osmotic	uv	temp	h2o2	cold	salt
sgl0001	0	0	0	0	0	0	0	0
sgl0002	-1	-1	-1	0	0	0	0	0
sll0002	0	1	0	0	0	0	0	0
sll0005	1	0	1	0	1	0	0	1
sll0006	0	-1	-1	0	1	0	0	0
sll0007	-1	1	0	0	0	0	0	0
sll0008	0	1	1	0	0	0	0	0
sll0010	1	0	0	0	0	0	0	-1
sll0012	0	0	0	0	0	0	0	0
sll0016	0	1	0	0	0	0	0	-1
sll0017	-1	1	-1	0	0	0	0	-1
sll0018	0	-1	1	0	1	0	0	0
sll0019	-1	0	-1	0	0	0	0	-1
sll0020	1	1	1	0	0	1	0	1
sll0021	0	0	1	0	0	0	0	0
sll0022	0	-1	-1	0	0	0	0	0
sll0023	0	-1	-1	-1	-1	0	0	0
sll0024	-1	1	-1	0	0	0	0	0
sll0026	-1	1	-1	0	0	-1	1	-1
sll0027	-1	0	0	0	0	-1	0	0
sll0030	0	0	1	0	1	0	0	0
sll0031	0	1	0	0	0	0	0	1
sll0033	-1	0	-1	0	0	0	0	-1
sll0034	0	0	-1	0	0	0	0	0
sll0036	1	1	0	0	0	0	0	-1
sll0037	-1	0	-1	0	0	-1	0	0
sll0038	0	-1	0	0	0	0	0	1
sll0039	0	0	-1	0	0	0	0	0
sll0040	0	1	-1	0	-1	0	0	0
sll0041	-1	0	-1	1	1	1	0	0
sll0042	-1	1	0	0	0	0	0	0
sll0043	-1	1	-1	0	0	0	0	0
sll0044	-1	1	-1	0	0	0	0	0
sll0045	0	0	1	0	0	0	0	0
sll0047	0	0	0	0	0	0	0	-1
sll0048	1	0	0	0	0	0	0	1
sll0051	-1	-1	-1	0	0	0	0	-1
sll0053	0	-1	-1	0	0	0	0	0
sll0055	1	-1	-1	0	0	0	0	0
sll0057	0	0	0	0	0	0	0	0
sll0058	0	-1	0	0	0	0	0	0
sll0060	0	-1	1	0	0	0	0	0
sll0062	0	0	1	0	0	0	0	0
sll0063	0	1	0	0	0	0	0	0
sll0064	-1	0	-1	0	0	0	0	0
sll0065	0	0	0	0	0	0	0	0
sll0066	0	0	1	0	0	0	0	1
sll0067	0	-1	1	0	0	0	0	0
sll0068	0	-1	-1	0	0	0	0	0
sll0069	1	-1	0	0	0	0	0	0
sll0070	-1	-1	-1	0	0	0	0	0
sll0071	0	-1	0	0	0	0	0	-1
sll0072	-1	0	0	0	0	0	0	1
sll0078	1	-1	0	0	0	1	0	0
sll0080	0	0	-1	0	-1	0	0	0
sll0082	0	0	0	0	0	0	0	0
sll0083	-1	1	0	0	0	0	0	-1
sll0084	0	0	1	0	0	0	0	0
sll0085	0	0	0	0	0	0	0	0
sll0086	1	0	1	0	0	1	1	1
sll0088	1	0	0	1	0	0	0	1
sll0092	0	0	0	0	0	0	0	0
sll0094	0	1	0	0	0	0	0	0
sll0095	0	0	0	0	1	0	0	0
sll0096	0	-1	-1	1	0	1	0	0
sll0098	0	0	0	0	-1	0	0	0
sll0099	0	0	0	0	0	0	0	0
sll0100	0	0	0	-1	0	0	0	0
sll0101	1	0	0	0	0	1	0	0
sll0102	0	0	0	0	0	0	-1	0
sll0103	1	0	0	0	0	0	0	0
sll0107	0	0	1	0	0	0	0	0
sll0108	-1	1	-1	0	0	0	0	0
sll0109	0	0	-1	0	0	0	0	0
sll0135	0	1	-1	0	1	0	0	0
sll0136	0	0	0	0	0	0	0	0
sll0140	0	0	0	0	0	0	0	0
sll0141	1	0	-1	0	0	1	0	0
sll0142	1	-1	1	0	-1	1	0	0
sll0144	0	0	-1	0	0	0	0	-1
sll0145	-1	-1	0	0	0	0	0	-1
sll0146	0	-1	-1	0	0	0	0	-1
sll0147	-1	-1	-1	0	0	0	0	0
sll0148	0	0	-1	0	0	0	0	0
sll0149	0	0	0	0	0	0	0	0
sll0154	0	1	0	0	0	0	0	0
sll0156	0	0	0	0	0	0	0	1
sll0157	1	0	1	0	0	1	0	1
sll0158	-1	1	0	0	0	0	0	-1
sll0160	0	-1	0	0	0	0	0	0
sll0161	0	0	0	0	0	0	0	0
sll0162	0	0	0	1	-1	0	0	0
sll0163	1	0	-1	0	0	0	0	0
sll0166	1	0	-1	0	0	0	0	0
sll0167	0	0	0	0	0	0	0	0
sll0168	0	1	0	0	0	0	0	0
sll0169	0	1	1	0	0	0	0	1
sll0170	0	1	1	0	1	1	0	1
sll0171	0	-1	0	0	1	0	0	0
sll0172	-1	0	-1	0	0	0	0	0
sll0173	-1	0	-1	0	0	0	0	0
sll0174	0	0	0	0	0	0	0	0
sll0175	0	1	0	0	0	0	1	0
sll0176	0	1	0	0	0	0	0	0
sll0177	0	0	0	0	0	0	1	1
sll0178	1	-1	-1	0	0	0	0	0
sll0179	0	1	0	0	0	0	0	0
sll0180	0	-1	-1	0	-1	-1	0	0
sll0181	0	1	0	0	0	0	0	-1
sll0182	0	0	-1	-1	0	0	0	-1
sll0183	0	0	0	0	0	0	0	0
sll0184	1	0	1	0	1	1	0	0
sll0185	0	1	1	0	1	1	0	0
sll0188	0	1	1	0	0	0	0	0
sll0189	0	1	1	0	0	0	0	0
sll0191	1	0	1	0	0	0	0	0
sll0192	0	0	-1	0	-1	0	0	0
sll0194	0	0	0	0	0	0	0	0
sll0195	0	0	1	0	0	0	0	0
sll0198	0	0	-1	0	-1	0	0	0
sll0199	0	0	-1	0	0	-1	-1	0
sll0200	0	0	0	0	0	1	0	0
sll0201	0	0	0	0	0	1	0	0
sll0202	0	-1	-1	0	0	0	0	-1
sll0204	0	0	0	1	1	0	0	0
sll0205	1	0	-1	0	0	0	1	0
sll0207	0	0	0	0	0	-1	0	-1
sll0208	0	1	1	0	0	0	0	0
sll0209	-1	1	0	0	-1	0	0	-1
sll0210	0	1	0	0	0	0	0	0
sll0216	0	0	1	0	0	0	0	0
sll0217	1	0	0	0	0	0	0	0
sll0218	1	0	1	0	0	0	0	0
sll0219	1	0	0	0	0	0	0	0
sll0220	1	1	1	0	1	0	0	0
sll0221	1	-1	1	0	0	0	0	-1
sll0222	-1	0	-1	0	0	0	0	0
sll0223	0	0	-1	0	0	0	0	-1
sll0224	-1	1	-1	-1	0	0	0	-1
sll0225	0	0	0	0	0	0	0	0
sll0226	0	0	0	0	0	0	0	0
sll0227	-1	-1	1	0	0	0	0	0
sll0228	0	-1	1	0	0	0	0	0
sll0230	0	-1	-1	0	0	0	0	0
sll0236	0	0	-1	0	0	0	0	0
sll0237	0	0	0	0	-1	0	0	-1
sll0238	0	1	-1	0	0	0	0	0
sll0240	0	0	0	0	0	0	1	1
sll0241	0	0	0	0	0	0	0	1
sll0242	1	1	-1	0	0	0	0	-1
sll0243	1	-1	0	0	-1	0	0	0
sll0244	-1	0	0	0	0	0	1	0
sll0245	0	0	0	0	-1	0	0	-1
sll0247	0	-1	-1	0	0	1	0	1
sll0248	0	0	1	0	-1	1	-1	0
sll0249	0	0	1	0	0	1	-1	0
sll0250	0	0	0	0	0	0	0	0
sll0252	0	1	1	0	0	0	0	0
sll0253	0	-1	-1	1	0	0	0	0
sll0254	0	0	0	0	0	0	0	0
sll0257	0	0	1	-1	0	1	0	0
sll0258	0	-1	-1	0	0	-1	-1	-1
sll0260	-1	1	0	0	0	0	0	0
sll0261	0	0	0	0	0	0	0	0
sll0262	0	1	-1	0	-1	-1	1	-1
sll0263	0	-1	-1	0	0	0	0	-1
sll0264	1	-1	0	0	0	0	0	1
sll0265	1	0	0	0	0	0	0	0
sll0266	0	0	-1	0	0	0	0	0
sll0267	0	-1	0	0	0	0	0	0
sll0268	0	0	0	0	0	0	0	0
sll0269	0	0	0	0	0	0	0	0
sll0270	0	0	0	-1	0	0	0	0
sll0271	0	-1	-1	0	-1	0	0	-1
sll0272	0	-1	-1	0	0	0	-1	-1
sll0273	0	0	0	0	0	0	0	-1
sll0274	0	-1	0	0	0	0	0	1
sll0280	0	0	0	0	0	0	0	0
sll0281	0	0	0	0	0	0	0	0
sll0282	0	0	0	0	0	0	0	0
sll0283	0	-1	-1	0	0	-1	0	-1
sll0284	0	0	0	0	0	0	0	0
sll0286	0	1	-1	0	0	0	0	0
sll0288	-1	1	0	0	0	0	0	0
sll0289	0	0	0	0	0	0	0	-1
sll0290	0	0	-1	0	0	0	0	0
sll0293	1	0	1	-1	0	0	0	-1
sll0294	0	0	1	-1	-1	0	0	0
sll0295	0	0	-1	0	0	-1	0	0
sll0296	0	1	1	0	0	0	0	0
sll0297	1	0	0	0	0	0	0	0
sll0298	0	-1	0	0	0	0	0	0
sll0300	0	0	0	0	0	0	0	0
sll0301	1	1	1	0	0	0	-1	0
sll0306	0	1	1	0	1	1	0	1
sll0309	0	0	0	0	0	0	0	0
sll0310	0	0	-1	0	-1	0	0	0
sll0312	1	0	0	1	0	0	0	0
sll0314	1	-1	1	0	0	0	-1	1
sll0315	0	0	0	0	0	0	0	0
sll0317	0	0	0	0	0	0	0	0
sll0318	0	1	-1	0	0	0	0	-1
sll0319	0	1	0	0	0	-1	0	-1
sll0320	-1	1	0	0	0	0	-1	0
sll0321	0	0	-1	1	0	0	0	-1
sll0322	0	0	-1	0	0	0	1	0
sll0325	0	1	1	0	0	0	0	0
sll0327	0	-1	0	0	0	0	0	0
sll0328	0	-1	0	0	0	0	0	0
sll0329	-1	0	-1	-1	0	0	0	-1
sll0330	0	-1	1	0	0	1	0	0
sll0335	-1	1	0	0	0	0	0	0
sll0336	0	0	0	0	0	0	0	0
sll0337	0	1	0	0	0	0	0	0
sll0350	0	1	1	0	0	0	0	0
sll0354	1	-1	-1	1	-1	0	0	0
sll0355	1	0	0	0	0	0	0	0
sll0356	0	0	0	0	1	1	0	1
sll0359	0	-1	0	0	0	0	0	0
sll0360	-1	-1	0	0	0	0	0	1
sll0361	0	1	1	0	0	0	0	0
sll0362	-1	-1	-1	0	0	0	0	0
sll0364	0	0	0	0	0	0	0	0
sll0368	0	0	0	0	0	0	0	-1
sll0369	0	0	0	0	0	0	0	-1
sll0370	0	1	-1	0	0	0	0	0
sll0371	0	0	0	0	0	0	0	0
sll0372	-1	1	0	0	0	0	0	-1
sll0373	-1	1	-1	-1	0	0	0	-1
sll0374	0	1	1	-1	0	0	0	0
sll0375	0	1	0	0	0	0	0	0
sll0376	0	-1	1	0	0	0	0	0
sll0377	0	1	1	0	0	-1	0	0
sll0378	0	0	1	0	0	0	0	0
sll0379	0	0	-1	0	-1	0	1	0
sll0380	0	0	0	0	-1	0	0	0
sll0381	-1	-1	0	0	-1	-1	0	1
sll0382	-1	-1	1	0	0	0	1	1
sll0383	0	0	0	0	-1	0	1	1
sll0384	-1	0	1	0	-1	0	1	1
sll0385	-1	0	0	0	0	0	1	1
sll0394	0	0	0	0	0	0	0	-1
sll0395	0	0	0	0	0	0	0	0
sll0396	0	1	0	0	0	-1	0	0
sll0397	0	0	0	0	0	0	0	0
sll0398	0	0	0	0	0	0	0	0
sll0400	0	-1	-1	0	0	0	0	0
sll0401	0	0	0	0	0	0	0	0
sll0402	0	0	0	0	0	0	0	-1
sll0403	0	0	0	0	0	0	0	0
sll0404	0	-1	-1	0	0	0	0	-1
sll0405	0	0	0	0	0	0	0	0
sll0406	0	0	1	0	0	0	0	1
sll0408	-1	0	0	0	1	1	0	0
sll0409	0	0	0	0	0	0	0	0
sll0410	0	0	0	0	0	0	0	1
sll0412	1	0	1	1	0	0	0	1
sll0413	-1	1	0	0	0	0	1	1
sll0414	-1	1	0	0	0	0	0	0
sll0415	0	0	1	0	0	0	0	0
sll0416	-1	1	1	0	1	1	-1	1
sll0418	-1	1	1	0	0	0	0	0
sll0419	0	1	1	0	0	0	0	0
sll0420	-1	1	1	0	0	0	0	0
sll0421	-1	1	-1	0	-1	0	0	-1
sll0422	0	0	-1	0	0	1	0	0
sll0423	0	-1	0	0	0	0	0	0
sll0424	0	0	1	0	0	0	0	0
sll0426	1	-1	-1	0	-1	0	0	0
sll0427	-1	0	-1	0	0	0	-1	0
sll0428	0	-1	0	0	0	0	0	0
sll0430	0	0	1	0	1	1	0	0
sll0431	0	0	0	0	0	1	0	0
sll0436	0	-1	1	0	0	0	0	0
sll0441	1	0	-1	0	1	0	0	-1
sll0442	1	0	-1	0	1	0	0	0
sll0443	0	-1	0	0	0	0	0	0
sll0444	0	-1	-1	0	0	-1	0	0
sll0445	-1	0	1	1	0	-1	0	0
sll0446	-1	0	0	-1	0	0	0	0
sll0447	0	0	-1	0	0	0	0	0
sll0448	0	0	0	0	0	0	0	0
sll0449	0	0	-1	0	0	0	0	0
sll0450	0	-1	-1	0	0	0	0	-1
sll0451	-1	0	0	0	0	0	0	0
sll0454	-1	1	0	0	0	0	0	1
sll0455	-1	-1	-1	0	0	0	0	0
sll0456	0	-1	-1	0	0	0	0	-1
sll0459	0	0	1	0	0	0	0	0
sll0461	0	0	0	0	0	0	0	1
sll0462	0	-1	0	0	0	0	0	1
sll0467	0	1	0	0	0	0	0	0
sll0469	-1	-1	-1	0	0	0	0	-1
sll0470	0	-1	1	-1	0	1	-1	1
sll0471	0	0	1	0	0	0	0	0
sll0473	1	0	0	0	-1	0	0	0
sll0474	0	0	0	0	0	0	0	0
sll0477	1	0	0	0	0	0	0	1
sll0478	1	0	1	0	0	0	0	1
sll0479	0	0	1	0	0	0	0	0
sll0480	-1	1	-1	0	0	0	0	0
sll0481	0	0	-1	0	0	0	0	0
sll0482	0	0	-1	0	0	0	0	1
sll0484	0	0	0	0	0	0	0	0
sll0485	0	-1	0	1	0	0	0	0
sll0486	0	0	0	0	0	0	0	-1
sll0487	1	0	-1	0	0	0	0	0
sll0488	0	1	0	0	0	0	0	0
sll0489	0	0	0	0	1	0	0	0
sll0493	0	-1	0	0	0	0	0	-1
sll0494	0	0	1	0	0	1	1	0
sll0495	0	0	1	0	0	0	0	0
sll0496	0	0	1	0	0	0	0	-1
sll0497	0	0	-1	0	0	0	0	0
sll0498	1	1	1	0	0	0	0	0
sll0499	0	0	0	1	0	0	0	0
sll0501	0	0	0	0	-1	0	0	0
sll0502	1	-1	0	0	0	0	0	0
sll0503	0	0	-1	1	0	0	-1	-1
sll0504	0	-1	-1	0	0	-1	0	0
sll0505	0	0	0	0	0	0	0	-1
sll0506	0	0	0	0	0	0	0	0
sll0507	0	0	0	0	1	0	0	-1
sll0508	1	1	1	0	0	0	0	1
sll0509	0	0	0	0	0	0	0	0
sll0513	0	1	-1	-1	0	0	0	-1
sll0514	0	1	0	0	0	-1	0	1
sll0517	-1	1	0	0	-1	-1	1	0
sll0518	0	0	-1	0	-1	-1	1	0
sll0519	0	0	0	0	1	-1	-1	-1
sll0520	0	0	-1	0	0	0	0	-1
sll0521	1	0	-1	0	0	0	0	-1
sll0522	1	-1	-1	0	0	0	0	-1
sll0524	0	0	1	0	0	0	0	1
sll0525	1	0	1	0	0	0	0	0
sll0528	0	0	1	0	1	1	0	1
sll0529	-1	0	1	0	0	0	0	0
sll0532	0	0	0	0	0	0	0	0
sll0533	-1	0	1	0	1	-1	1	0
sll0534	1	1	0	0	-1	0	0	0
sll0535	0	0	0	0	0	0	0	-1
sll0536	1	1	1	0	0	0	0	1
sll0537	0	1	0	0	0	0	0	0
sll0539	1	0	0	0	0	1	0	0
sll0540	0	0	1	0	0	1	0	0
sll0541	0	0	0	0	-1	-1	1	0
sll0542	-1	-1	-1	0	0	-1	0	0
sll0543	-1	1	-1	-1	0	-1	0	-1
sll0544	0	0	1	0	0	0	0	0
sll0545	0	0	-1	0	0	0	0	-1
sll0546	0	0	-1	0	0	0	0	0
sll0547	0	0	0	0	0	0	0	1
sll0549	1	1	1	0	0	1	1	1
sll0550	1	-1	-1	0	-1	1	-1	0
sll0552	0	0	0	0	0	0	0	0
sll0553	0	-1	1	0	0	0	0	1
sll0554	0	-1	1	0	0	0	0	1
sll0555	0	0	0	0	0	0	0	1
sll0556	-1	1	1	0	0	1	1	1
sll0558	-1	0	0	0	1	0	0	1
sll0563	1	0	0	0	0	0	0	1
sll0564	0	0	-1	0	0	0	-1	0
sll0565	0	-1	0	0	0	0	0	0
sll0567	0	0	-1	0	0	0	0	0
sll0569	0	0	0	0	0	0	0	0
sll0572	0	-1	0	0	0	0	0	1
sll0573	-1	0	0	1	0	-1	0	1
sll0574	-1	0	0	0	0	0	0	-1
sll0575	0	0	0	0	0	0	0	-1
sll0576	0	0	-1	0	0	1	0	-1
sll0577	-1	-1	-1	0	0	0	0	1
sll0578	-1	0	0	0	0	0	0	1
sll0584	1	-1	-1	0	0	0	-1	0
sll0585	1	-1	0	0	0	0	0	0
sll0586	0	0	1	0	0	0	0	0
sll0587	0	0	0	0	-1	0	0	0
sll0588	0	-1	-1	0	0	0	0	-1
sll0590	0	0	0	0	0	0	0	0
sll0593	0	-1	-1	0	0	0	0	0
sll0594	0	0	1	0	1	0	0	0
sll0595	0	0	1	0	0	0	0	0
sll0596	1	-1	0	0	0	0	0	0
sll0597	-1	1	0	0	0	0	0	-1
sll0601	-1	0	-1	-1	0	0	0	0
sll0602	1	0	-1	0	0	0	0	0
sll0603	0	0	-1	0	0	-1	0	0
sll0606	1	1	0	0	0	0	0	0
sll0608	0	1	0	1	0	0	0	0
sll0609	0	0	1	0	0	0	0	1
sll0611	0	-1	0	0	-1	0	0	0
sll0613	0	1	0	0	0	0	0	1
sll0614	0	1	0	0	0	0	0	1
sll0615	0	0	-1	0	0	0	0	0
sll0616	0	-1	0	-1	0	0	0	1
sll0617	0	-1	-1	0	0	0	-1	-1
sll0621	0	0	0	0	1	1	0	0
sll0622	1	-1	-1	0	0	0	0	0
sll0623	0	0	0	-1	-1	0	0	0
sll0624	0	0	0	0	0	0	0	0
sll0625	0	-1	0	0	0	0	0	0
sll0626	0	-1	-1	0	1	0	0	-1
sll0629	-1	1	0	0	0	0	1	0
sll0630	-1	1	-1	0	0	0	0	0
sll0631	-1	0	0	0	1	0	0	0
sll0634	-1	1	0	0	0	0	0	0
sll0635	0	1	1	1	0	0	0	1
sll0638	0	0	0	0	0	0	0	0
sll0639	1	-1	0	0	0	0	-1	1
sll0640	0	0	1	0	1	0	0	0
sll0641	-1	0	1	0	0	0	0	0
sll0643	1	0	-1	0	0	0	0	0
sll0644	0	0	0	0	0	0	0	0
sll0645	0	0	1	0	0	0	-1	0
sll0646	0	-1	-1	0	0	0	0	0
sll0647	0	-1	-1	0	0	0	0	0
sll0648	0	0	-1	0	0	0	0	0
sll0649	0	1	0	1	0	0	0	1
sll0650	0	0	0	0	0	0	0	0
sll0651	0	0	0	0	0	0	0	0
sll0654	1	0	0	0	0	1	0	1
sll0656	0	0	0	0	0	-1	0	0
sll0657	-1	-1	-1	0	0	0	0	0
sll0658	0	0	0	0	0	0	0	0
sll0659	0	0	0	0	0	0	0	0
sll0660	0	0	0	0	0	0	0	0
sll0661	0	-1	0	0	1	0	0	-1
sll0662	1	-1	-1	0	0	0	0	0
sll0664	0	0	0	0	0	0	0	0
sll0665	0	0	0	0	0	0	0	0
sll0666	0	0	0	0	0	0	0	0
sll0667	0	0	0	0	0	1	0	0
sll0668	0	0	1	1	1	1	1	0
sll0669	0	0	0	0	0	0	0	0
sll0670	1	-1	-1	0	1	0	0	0
sll0671	0	0	0	0	0	0	0	0
sll0672	-1	0	-1	0	0	1	0	0
sll0676	0	0	-1	0	0	0	0	0
sll0677	0	0	0	0	0	0	0	0
sll0678	0	0	0	0	0	0	0	0
sll0679	0	0	1	-1	0	0	0	0
sll0680	-1	0	1	-1	0	0	0	-1
sll0681	-1	0	-1	-1	0	1	0	0
sll0682	0	1	1	-1	0	1	0	0
sll0683	-1	0	1	0	0	0	0	0
sll0684	-1	0	1	0	0	0	0	0
sll0685	1	-1	1	0	0	1	0	0
sll0686	0	-1	0	0	-1	0	0	0
sll0687	0	-1	1	0	1	0	0	1
sll0688	0	0	1	0	0	0	0	0
sll0689	0	0	0	0	0	0	0	0
sll0690	0	0	0	0	0	0	0	0
sll0691	0	-1	0	0	0	0	0	0
sll0696	0	0	1	0	0	0	0	0
sll0698	0	0	0	0	0	0	0	0
sll0699	0	0	0	0	0	1	0	0
sll0700	0	0	0	0	0	0	0	0
sll0702	0	0	1	0	0	0	0	0
sll0703	1	0	1	-1	0	0	0	1
sll0704	0	0	0	0	1	1	0	1
sll0708	0	0	0	0	0	0	0	0
sll0709	1	-1	1	0	0	0	0	0
sll0710	1	-1	-1	0	0	1	0	0
sll0711	0	0	-1	0	1	0	0	1
sll0712	0	1	0	0	0	0	0	0
sll0716	0	-1	-1	0	0	0	0	0
sll0720	0	0	0	0	0	0	0	0
sll0721	1	1	0	0	0	0	0	0
sll0722	0	0	0	0	0	0	1	0
sll0723	0	0	0	0	0	0	0	1
sll0726	0	-1	-1	0	0	0	0	0
sll0727	-1	0	0	0	0	0	0	0
sll0728	0	1	-1	0	0	0	0	1
sll0729	0	0	0	0	0	-1	0	0
sll0732	0	0	0	0	0	0	0	1
sll0733	0	0	1	0	-1	-1	0	0
sll0735	-1	-1	-1	0	0	-1	0	0
sll0736	-1	0	0	0	0	0	0	0
sll0737	1	1	-1	0	0	0	1	0
sll0738	0	0	1	0	0	0	0	1
sll0739	-1	-1	-1	0	0	0	0	0
sll0740	1	-1	0	0	0	0	0	0
sll0741	-1	-1	-1	0	-1	0	0	0
sll0742	0	0	0	0	1	0	0	0
sll0743	0	0	0	0	0	0	0	0
sll0744	0	0	0	0	0	0	0	0
sll0745	0	-1	1	0	0	0	0	0
sll0749	0	-1	1	0	0	1	0	0
sll0750	0	-1	1	0	0	0	0	0
sll0751	0	1	-1	0	0	0	0	-1
sll0752	0	0	-1	0	0	0	0	0
sll0753	0	0	-1	-1	0	0	0	0
sll0754	0	0	0	0	0	0	0	0
sll0755	0	1	1	0	0	0	0	-1
sll0756	0	0	-1	0	0	0	0	-1
sll0757	0	0	-1	0	0	0	0	0
sll0759	1	0	1	0	0	1	0	-1
sll0760	0	-1	0	0	0	1	0	0
sll0761	1	0	1	0	-1	0	0	0
sll0762	1	-1	1	0	-1	0	0	1
sll0763	1	0	1	0	-1	0	0	1
sll0764	0	1	1	0	0	1	0	1
sll0765	0	1	0	-1	0	0	0	1
sll0766	1	0	1	0	0	1	0	1
sll0767	-1	1	0	0	1	0	1	-1
sll0771	-1	-1	-1	0	0	-1	0	-1
sll0772	-1	1	-1	0	0	0	0	0
sll0775	1	-1	0	0	0	0	0	0
sll0776	1	-1	-1	0	-1	0	0	0
sll0777	0	0	-1	0	0	0	0	0
sll0778	0	0	-1	0	0	0	0	0
sll0779	1	0	0	0	0	0	0	0
sll0780	1	0	-1	-1	0	0	0	0
sll0781	0	1	-1	0	0	0	0	0
sll0782	0	0	0	0	0	0	0	0
sll0783	-1	0	0	-1	1	1	0	0
sll0784	0	0	0	0	0	0	0	0
sll0785	0	0	0	1	0	0	0	0
sll0786	0	0	0	0	0	0	-1	0
sll0787	1	0	0	0	0	0	0	0
sll0788	0	-1	1	0	0	0	0	0
sll0789	0	-1	1	0	0	1	0	0
sll0790	0	-1	1	0	0	-1	0	0
sll0792	1	1	1	0	0	0	0	0
sll0793	0	1	0	0	0	0	0	1
sll0794	1	0	1	0	0	0	0	0
sll0797	0	1	0	0	0	0	0	0
sll0798	0	0	0	0	0	0	0	1
sll0800	0	0	1	0	0	0	0	1
sll0802	0	0	0	0	0	0	0	0
sll0803	1	1	0	0	0	0	0	-1
sll0804	0	0	-1	0	0	0	0	0
sll0807	-1	0	-1	0	0	-1	0	0
sll0808	0	0	1	0	0	0	0	0
sll0809	0	0	1	0	0	0	0	1
sll0810	0	1	1	0	0	0	0	0
sll0811	0	0	0	0	0	0	0	0
sll0812	0	0	0	-1	0	0	0	-1
sll0813	0	0	1	0	0	0	0	0
sll0814	0	0	1	0	1	1	0	0
sll0815	0	0	1	0	0	0	0	0
sll0816	0	0	0	1	0	0	0	0
sll0817	0	0	0	1	0	0	0	1
sll0818	1	1	0	0	0	0	0	0
sll0819	0	0	-1	-1	-1	-1	-1	-1
sll0821	1	1	1	0	1	1	0	1
sll0822	-1	0	0	0	-1	-1	0	0
sll0823	-1	0	1	0	1	-1	0	-1
sll0825	-1	1	0	0	0	0	1	0
sll0827	0	0	0	-1	0	0	0	0
sll0828	0	1	1	0	0	0	0	0
sll0829	0	1	1	0	1	0	0	0
sll0830	-1	-1	-1	0	-1	-1	0	0
sll0832	0	1	0	0	0	0	0	0
sll0833	0	0	0	0	0	0	0	0
sll0834	0	0	-1	-1	0	1	0	0
sll0837	0	0	0	0	1	0	0	0
sll0838	1	1	0	0	0	0	0	0
sll0839	0	0	0	0	0	0	0	1
sll0842	-1	-1	1	0	0	0	0	0
sll0843	1	0	0	-1	1	1	0	0
sll0844	1	0	0	1	0	0	0	1
sll0846	0	0	1	0	1	1	0	1
sll0847	0	1	0	0	0	0	0	0
sll0848	0	0	1	0	0	0	0	0
sll0849	0	-1	0	1	0	0	0	-1
sll0851	0	-1	0	0	0	0	0	0
sll0853	0	1	0	0	0	0	0	0
sll0854	0	1	-1	0	0	0	0	0
sll0855	0	1	0	0	0	0	0	0
sll0856	1	0	-1	0	1	-1	0	0
sll0857	0	0	0	0	0	0	0	0
sll0858	0	0	0	0	-1	-1	0	0
sll0860	0	-1	0	0	0	0	0	0
sll0861	0	0	0	0	0	0	0	0
sll0862	0	0	0	1	0	0	1	0
sll0863	0	0	0	0	0	0	0	0
sll0864	0	0	0	0	-1	0	0	0
sll0865	1	-1	0	0	0	0	0	-1
sll0867	1	0	0	0	-1	0	0	-1
sll0868	0	0	1	0	0	0	0	0
sll0869	0	0	1	0	-1	0	0	0
sll0871	1	0	0	0	0	1	0	0
sll0872	0	-1	0	0	0	0	0	0
sll0873	0	1	-1	0	0	1	0	0
sll0875	0	0	0	0	1	1	0	0
sll0876	0	0	-1	0	1	0	0	-1
sll0877	1	0	1	0	1	0	0	0
sll0886	0	0	0	0	0	0	0	0
sll0887	0	-1	0	1	0	0	0	1
sll0888	0	1	1	0	0	0	0	0
sll0891	0	0	-1	0	0	0	0	0
sll0892	0	0	1	0	0	0	0	1
sll0895	0	0	0	0	-1	0	0	0
sll0896	1	1	0	0	0	0	0	0
sll0897	0	1	1	0	1	1	0	1
sll0898	1	1	1	0	0	1	0	1
sll0899	0	0	-1	0	0	0	0	-1
sll0900	-1	0	-1	0	-1	0	0	0
sll0901	0	0	0	0	0	0	0	0
sll0902	-1	0	0	-1	0	0	0	-1
sll0905	0	0	0	0	1	0	0	1
sll0909	0	-1	1	1	1	0	0	0
sll0910	0	0	1	0	0	0	0	0
sll0911	0	-1	1	0	1	0	0	0
sll0912	0	0	-1	0	0	0	0	0
sll0913	0	0	0	0	0	0	0	-1
sll0914	0	0	0	0	0	0	0	0
sll0915	0	0	0	0	0	0	0	0
sll0916	0	0	0	0	0	0	0	0
sll0920	-1	-1	0	0	0	0	-1	-1
sll0921	0	0	0	0	0	0	0	0
sll0922	0	0	-1	0	-1	0	0	0
sll0923	0	0	-1	0	0	1	0	0
sll0924	1	1	1	0	0	0	0	1
sll0925	0	0	1	0	-1	0	0	0
sll0926	0	0	1	0	1	0	0	0
sll0927	-1	1	0	-1	0	0	0	-1
sll0928	-1	0	0	0	0	-1	-1	-1
sll0930	-1	0	1	0	1	0	0	1
sll0931	0	1	1	0	0	0	0	0
sll0932	0	1	1	0	0	-1	0	0
sll0933	-1	0	1	0	0	-1	0	0
sll0934	0	0	0	0	0	0	0	1
sll0936	0	0	0	1	0	0	0	0
sll0938	0	0	1	0	1	0	0	1
sll0939	0	0	1	1	1	1	0	1
sll0943	0	0	0	0	0	0	0	0
sll0944	0	0	0	0	0	0	0	0
sll0945	0	0	-1	0	0	-1	0	-1
sll0947	-1	0	-1	0	-1	-1	-1	0
sll0980	1	-1	0	0	0	0	0	1
sll0981	1	0	1	0	0	0	0	0
sll0982	1	-1	0	0	0	1	0	0
sll0983	1	-1	0	0	0	0	0	1
sll0984	0	0	0	0	0	0	0	0
sll0985	1	0	0	0	0	0	0	0
sll0986	0	0	1	1	0	0	0	1
sll0990	0	-1	-1	0	0	0	-1	0
sll0992	0	0	-1	0	1	1	0	0
sll0993	0	0	0	0	0	0	0	0
sll0994	1	0	0	0	0	0	0	0
sll0995	1	-1	-1	0	0	0	0	-1
sll0996	0	1	0	0	0	0	0	-1
sll0997	0	-1	0	0	0	0	0	-1
sll0998	-1	-1	-1	0	0	-1	0	0
sll1001	-1	1	0	0	0	0	0	0
sll1002	0	1	0	0	0	0	0	0
sll1003	1	0	0	0	0	-1	0	0
sll1004	0	0	0	0	1	1	0	1
sll1005	0	0	0	1	0	-1	0	0
sll1006	0	0	0	0	1	0	0	0
sll1009	-1	0	-1	0	1	-1	-1	0
sll1011	0	0	0	0	0	0	0	-1
sll1017	0	1	1	-1	0	1	0	0
sll1018	0	1	-1	0	0	0	0	0
sll1019	0	1	1	0	0	1	0	1
sll1020	0	1	-1	0	0	0	0	0
sll1021	1	-1	-1	-1	0	0	0	-1
sll1022	0	-1	1	1	1	1	0	1
sll1023	-1	1	1	-1	1	1	0	1
sll1024	0	0	1	0	0	0	0	1
sll1025	0	1	0	0	-1	0	0	0
sll1027	0	0	-1	0	0	-1	0	0
sll1028	0	0	-1	1	0	-1	0	0
sll1029	-1	0	-1	0	0	-1	0	0
sll1030	-1	0	-1	0	0	1	-1	0
sll1031	-1	0	-1	0	0	-1	0	0
sll1032	0	0	-1	0	0	0	0	0
sll1033	0	0	0	1	0	0	0	-1
sll1035	0	0	0	0	0	0	0	0
sll1036	0	0	1	0	0	0	0	0
sll1037	0	1	1	0	0	0	0	0
sll1039	0	1	0	0	0	0	0	0
sll1040	0	0	1	0	0	0	0	0
sll1041	0	1	1	0	0	0	0	0
sll1043	0	0	0	1	-1	0	1	-1
sll1045	0	0	1	0	0	0	1	0
sll1049	0	1	1	0	0	0	0	0
sll1051	0	0	0	0	0	0	0	0
sll1052	0	0	0	0	0	0	0	0
sll1053	0	1	0	0	0	1	1	1
sll1054	1	-1	0	0	0	1	0	0
sll1056	-1	0	-1	0	0	-1	0	0
sll1057	1	-1	0	0	0	-1	0	0
sll1058	0	-1	-1	0	0	0	0	0
sll1059	-1	-1	0	0	0	0	0	0
sll1060	1	0	1	0	0	0	0	0
sll1061	0	0	1	0	0	0	0	0
sll1062	0	0	1	0	1	0	0	0
sll1063	0	-1	0	0	0	0	0	0
sll1064	0	-1	0	0	0	0	0	0
sll1068	0	0	0	0	0	0	0	0
sll1069	-1	1	1	0	0	-1	1	0
sll1070	-1	0	0	0	-1	-1	0	-1
sll1071	0	1	1	0	0	0	0	0
sll1072	1	0	1	0	0	1	0	1
sll1074	-1	1	0	0	0	0	0	-1
sll1076	0	0	0	0	0	0	0	0
sll1077	-1	1	-1	0	0	0	0	0
sll1078	-1	1	0	0	0	0	0	0
sll1079	-1	1	-1	0	0	0	0	0
sll1080	-1	0	0	0	0	0	0	0
sll1081	0	0	0	0	1	0	0	0
sll1082	0	0	0	0	0	0	0	0
sll1084	0	0	0	0	0	0	0	0
sll1085	0	0	1	0	0	0	1	1
sll1086	1	-1	1	0	0	1	0	1
sll1087	0	1	-1	0	1	0	0	0
sll1089	0	1	-1	0	0	0	0	0
sll1091	-1	1	0	-1	0	-1	0	-1
sll1092	-1	0	0	0	1	0	0	0
sll1094	0	0	0	0	-1	0	0	0
sll1095	0	1	1	0	0	0	0	0
sll1096	-1	0	0	0	0	0	1	0
sll1097	-1	1	1	0	0	0	0	1
sll1098	-1	0	0	0	0	0	0	0
sll1099	-1	-1	0	0	-1	0	0	-1
sll1101	-1	-1	1	0	-1	0	0	-1
sll1102	0	1	-1	0	-1	0	0	0
sll1103	0	1	-1	0	0	0	0	0
sll1104	0	0	-1	0	0	0	0	0
sll1106	0	1	1	-1	1	0	0	0
sll1107	-1	0	1	0	1	0	-1	1
sll1108	0	0	-1	0	0	0	0	-1
sll1109	-1	0	-1	0	0	0	0	-1
sll1110	0	0	-1	0	1	0	0	0
sll1112	0	1	1	0	0	1	0	1
sll1118	0	0	0	0	-1	0	0	0
sll1119	0	1	1	0	0	-1	0	0
sll1120	0	0	-1	0	0	0	0	0
sll1121	0	0	0	0	0	1	1	0
sll1123	0	1	0	0	-1	0	0	0
sll1124	0	1	0	0	-1	0	1	0
sll1127	0	0	-1	0	0	-1	0	0
sll1129	0	0	1	0	-1	0	0	0
sll1130	-1	-1	0	0	0	-1	0	0
sll1131	0	0	1	0	-1	0	0	0
sll1132	-1	1	0	0	0	0	0	0
sll1135	1	-1	0	1	1	1	0	0
sll1138	0	0	1	0	0	0	0	1
sll1142	0	-1	0	0	0	0	0	-1
sll1143	1	1	0	0	0	0	0	-1
sll1144	0	0	1	0	0	0	0	0
sll1147	-1	-1	1	0	0	0	0	0
sll1150	0	-1	-1	0	0	0	0	0
sll1151	0	0	0	0	0	0	0	-1
sll1154	1	1	1	0	0	1	0	0
sll1155	1	0	0	0	-1	0	0	0
sll1156	0	0	1	0	0	0	1	0
sll1157	0	0	1	0	1	0	0	0
sll1158	1	1	0	0	1	1	0	0
sll1159	1	1	-1	0	1	1	0	-1
sll1160	1	1	-1	0	1	1	0	0
sll1161	0	1	0	0	0	1	0	-1
sll1162	0	1	-1	0	0	0	-1	0
sll1163	1	1	-1	0	0	0	0	0
sll1164	0	0	-1	0	0	0	0	0
sll1165	0	1	0	1	0	0	0	0
sll1166	0	1	0	0	0	0	0	0
sll1167	1	1	1	0	1	1	0	1
sll1169	1	0	0	0	0	0	0	0
sll1170	0	-1	0	0	0	0	0	0
sll1172	-1	1	0	0	1	0	0	0
sll1173	0	0	0	0	0	0	0	0
sll1174	0	1	-1	-1	1	0	0	-1
sll1178	-1	0	-1	0	0	0	0	0
sll1180	0	1	0	0	1	0	0	-1
sll1181	-1	0	0	0	0	0	0	-1
sll1182	0	1	0	0	0	0	0	1
sll1184	-1	-1	-1	0	-1	-1	0	0
sll1185	-1	0	-1	0	-1	-1	0	-1
sll1186	-1	0	0	0	0	0	0	0
sll1187	-1	-1	0	0	0	-1	0	0
sll1188	0	-1	0	0	0	0	0	0
sll1189	1	0	0	0	0	0	1	1
sll1191	0	1	1	0	0	0	0	1
sll1192	0	1	1	0	0	0	-1	0
sll1193	0	0	0	0	0	-1	0	0
sll1194	0	-1	0	0	0	1	0	0
sll1196	-1	0	-1	0	0	0	0	0
sll1198	-1	0	-1	0	1	0	0	0
sll1200	0	0	0	0	0	0	0	0
sll1201	0	0	1	0	1	1	0	0
sll1202	0	0	0	0	0	0	0	0
sll1203	0	0	0	0	0	0	0	0
sll1204	1	0	0	0	0	0	0	0
sll1205	0	0	-1	0	0	0	0	0
sll1206	0	0	-1	0	0	0	0	1
sll1209	0	0	0	0	0	0	0	0
sll1212	-1	0	-1	0	0	-1	0	-1
sll1213	0	-1	-1	0	0	0	0	-1
sll1214	0	-1	-1	0	0	-1	0	-1
sll1217	0	0	0	0	0	0	0	0
sll1218	0	1	0	0	0	0	0	-1
sll1219	-1	0	1	0	-1	0	0	0
sll1220	0	0	-1	0	0	1	0	0
sll1221	0	0	-1	0	-1	0	0	-1
sll1222	0	0	0	0	0	0	0	0
sll1223	0	0	0	-1	-1	0	0	-1
sll1224	0	-1	-1	0	-1	0	0	0
sll1225	0	-1	0	0	0	0	0	0
sll1226	0	-1	-1	0	-1	0	0	0
sll1228	1	0	0	0	0	0	0	0
sll1229	0	-1	0	0	0	1	0	0
sll1231	0	0	0	0	0	0	0	0
sll1232	0	0	0	0	0	0	0	0
sll1233	0	0	0	0	0	0	0	0
sll1234	0	-1	0	0	0	1	0	-1
sll1236	0	1	-1	0	0	0	0	0
sll1237	0	0	1	0	0	0	0	0
sll1239	0	1	0	0	1	0	0	0
sll1240	0	0	0	1	-1	0	0	0
sll1241	0	1	0	1	0	0	0	0
sll1242	0	1	0	0	0	0	0	-1
sll1244	-1	1	1	0	-1	0	0	-1
sll1245	-1	1	1	0	0	-1	0	0
sll1247	1	1	0	0	-1	0	0	0
sll1249	0	1	0	0	1	0	0	0
sll1250	1	0	1	0	0	0	0	0
sll1251	0	1	0	0	0	0	0	0
sll1252	0	0	0	0	0	0	0	0
sll1253	0	0	-1	0	0	0	0	0
sll1254	0	-1	0	0	0	0	0	0
sll1255	0	0	0	0	0	1	0	0
sll1256	0	0	0	0	0	1	0	0
sll1257	0	0	0	0	0	0	0	0
sll1258	0	1	0	0	0	0	0	0
sll1260	-1	1	0	0	1	0	0	-1
sll1261	-1	1	0	0	1	0	0	-1
sll1262	0	0	-1	0	0	0	0	-1
sll1263	1	-1	-1	0	1	0	0	0
sll1265	0	1	-1	0	0	0	0	0
sll1267	0	0	1	0	1	0	0	-1
sll1268	1	-1	1	0	0	1	0	0
sll1270	-1	1	-1	0	0	-1	0	-1
sll1271	-1	1	-1	-1	0	-1	0	0
sll1272	0	0	0	-1	0	0	0	0
sll1273	0	0	0	0	0	0	0	0
sll1274	0	1	0	-1	1	0	0	0
sll1275	-1	-1	-1	0	0	-1	0	-1
sll1276	0	1	0	0	1	0	0	0
sll1277	0	0	1	1	0	0	1	0
sll1280	1	-1	0	0	1	0	0	-1
sll1281	0	0	-1	0	0	1	0	0
sll1282	0	0	-1	0	0	1	0	0
sll1283	-1	1	-1	0	0	-1	0	-1
sll1284	-1	1	-1	0	0	0	0	0
sll1285	0	0	0	0	0	0	0	0
sll1286	0	-1	-1	0	0	-1	0	-1
sll1289	0	0	0	0	0	0	0	0
sll1290	0	1	0	0	0	0	0	0
sll1291	0	0	-1	0	-1	0	0	-1
sll1292	0	1	-1	0	-1	0	0	-1
sll1293	1	1	-1	0	0	0	0	-1
sll1294	0	1	-1	0	0	0	0	-1
sll1296	1	1	-1	-1	0	0	0	0
sll1297	1	1	0	0	0	0	0	-1
sll1298	0	-1	-1	0	0	0	0	0
sll1299	0	-1	0	0	0	0	0	0
sll1300	0	0	0	0	1	0	0	0
sll1304	-1	0	-1	0	0	0	-1	0
sll1305	-1	0	-1	0	0	-1	0	0
sll1306	-1	0	-1	-1	0	-1	-1	0
sll1307	0	0	-1	-1	0	0	0	-1
sll1308	-1	-1	-1	0	0	1	0	0
sll1314	-1	0	-1	0	0	0	0	-1
sll1315	0	0	0	0	0	0	0	0
sll1316	-1	0	-1	0	0	1	-1	-1
sll1317	0	-1	-1	0	0	-1	0	0
sll1318	0	0	1	0	0	0	0	0
sll1319	0	0	1	0	0	0	0	0
sll1321	-1	0	-1	0	1	-1	0	-1
sll1322	-1	0	-1	0	-1	-1	0	-1
sll1323	-1	0	-1	0	0	0	-1	-1
sll1324	-1	0	-1	0	0	-1	0	-1
sll1325	-1	0	-1	0	0	-1	-1	-1
sll1326	-1	0	0	0	0	-1	0	0
sll1327	-1	0	0	0	0	0	0	-1
sll1329	0	0	0	0	0	1	0	0
sll1330	0	1	1	0	-1	0	0	0
sll1333	0	1	0	0	1	0	0	0
sll1334	1	-1	0	0	0	0	0	0
sll1336	-1	1	0	0	0	0	0	0
sll1338	0	0	-1	0	-1	0	0	0
sll1340	0	1	0	0	0	0	0	0
sll1341	0	-1	0	0	1	0	0	0
sll1342	-1	-1	-1	0	0	0	-1	-1
sll1343	0	0	-1	0	0	0	0	0
sll1344	0	0	0	0	0	0	0	-1
sll1348	0	1	0	0	0	0	0	1
sll1349	0	0	0	0	0	1	0	0
sll1350	0	0	-1	0	0	0	0	0
sll1352	0	1	0	0	1	0	0	0
sll1353	0	-1	0	0	-1	-1	0	-1
sll1354	0	1	0	0	0	0	0	1
sll1355	1	-1	0	0	0	0	0	0
sll1356	0	-1	-1	0	1	0	0	-1
sll1358	-1	0	-1	-1	-1	-1	0	0
sll1359	0	0	-1	-1	0	-1	0	0
sll1360	1	1	0	0	0	0	0	0
sll1362	0	0	0	0	0	-1	0	0
sll1363	-1	1	0	0	1	0	0	-1
sll1365	0	1	0	0	0	0	0	0
sll1366	0	1	-1	0	0	0	0	0
sll1367	-1	-1	0	0	-1	0	0	0
sll1369	1	1	0	-1	0	0	0	1
sll1370	0	1	-1	0	0	0	0	0
sll1371	0	1	0	0	-1	0	0	-1
sll1372	0	1	0	0	0	0	0	0
sll1373	0	0	0	0	0	0	0	0
sll1374	0	1	1	0	0	0	0	0
sll1376	0	0	0	0	0	0	0	0
sll1377	0	1	1	0	0	0	0	0
sll1378	0	1	1	0	0	0	0	0
sll1380	1	0	0	0	0	0	0	-1
sll1381	1	0	1	0	1	0	0	0
sll1382	1	0	1	1	0	0	0	1
sll1383	1	1	1	1	1	0	0	1
sll1384	0	-1	-1	0	1	-1	0	-1
sll1386	0	0	1	0	0	0	0	1
sll1387	0	1	0	-1	0	0	0	0
sll1388	0	0	1	0	1	0	0	1
sll1389	1	-1	1	0	0	0	0	1
sll1390	-1	-1	0	0	0	0	0	0
sll1392	1	0	1	0	0	0	0	1
sll1393	-1	-1	-1	0	0	0	0	0
sll1394	0	-1	1	0	0	1	0	0
sll1395	0	0	1	0	1	1	0	1
sll1396	0	-1	0	0	0	0	0	0
sll1397	0	0	1	0	0	1	1	0
sll1398	-1	1	0	0	0	0	0	0
sll1399	0	1	0	0	0	0	0	0
sll1400	0	-1	1	0	0	0	0	0
sll1401	0	0	1	0	0	0	0	0
sll1404	0	0	0	0	0	1	0	0
sll1405	0	0	0	0	0	1	0	0
sll1406	0	0	0	0	0	0	0	0
sll1407	0	0	0	0	0	0	0	0
sll1408	0	0	0	0	0	0	0	0
sll1409	1	0	0	0	0	0	0	0
sll1411	0	0	1	1	0	0	0	0
sll1414	-1	-1	-1	1	0	0	0	0
sll1415	0	-1	-1	0	0	0	0	0
sll1418	0	-1	-1	0	0	0	0	-1
sll1423	0	1	0	0	0	0	0	1
sll1424	0	0	0	0	0	0	0	1
sll1425	-1	-1	0	0	0	0	-1	0
sll1426	0	-1	1	-1	0	0	0	1
sll1427	1	0	1	0	1	1	0	1
sll1428	0	-1	-1	0	0	0	0	-1
sll1429	0	-1	-1	0	0	0	0	0
sll1430	-1	1	0	0	0	0	0	0
sll1432	0	-1	0	0	-1	0	0	-1
sll1433	0	0	1	0	0	0	0	1
sll1434	0	1	-1	0	0	0	0	0
sll1435	0	-1	-1	1	0	0	0	1
sll1436	0	0	0	0	1	1	0	0
sll1437	0	0	0	0	0	0	0	0
sll1439	0	0	0	0	0	0	-1	0
sll1440	0	0	-1	0	0	-1	0	-1
sll1441	0	0	-1	0	0	0	1	0
sll1442	0	0	0	0	0	0	0	0
sll1443	0	-1	-1	0	0	0	-1	-1
sll1444	0	1	-1	0	0	0	0	-1
sll1446	0	1	-1	0	0	0	0	0
sll1447	0	1	-1	0	0	0	0	0
sll1450	-1	0	1	0	1	-1	0	0
sll1451	0	0	1	0	-1	-1	0	0
sll1452	-1	-1	1	0	1	0	0	0
sll1453	-1	0	1	0	-1	0	0	0
sll1454	0	0	1	-1	0	0	0	0
sll1455	0	0	1	0	0	0	0	0
sll1456	-1	-1	-1	0	0	0	0	0
sll1457	0	0	0	0	0	0	0	0
sll1459	0	1	0	0	0	0	0	0
sll1461	0	0	0	0	0	0	0	0
sll1462	0	0	1	0	-1	0	0	1
sll1463	0	0	0	-1	0	0	0	1
sll1464	0	1	1	0	0	0	0	1
sll1466	-1	1	0	0	0	0	0	0
sll1468	-1	0	-1	0	1	0	0	-1
sll1469	0	1	1	0	0	0	0	0
sll1470	1	0	-1	0	0	0	0	0
sll1471	-1	0	-1	-1	0	-1	0	-1
sll1472	0	0	-1	0	-1	0	0	0
sll1473	0	0	0	0	0	0	0	0
sll1474	0	0	0	0	0	0	0	0
sll1475	0	-1	0	0	0	0	0	0
sll1476	0	1	0	0	0	0	0	0
sll1477	-1	1	-1	-1	0	0	0	0
sll1479	0	-1	-1	0	0	0	0	-1
sll1481	1	1	1	0	0	0	0	0
sll1482	1	0	1	0	0	1	0	0
sll1483	1	-1	1	0	-1	1	0	1
sll1484	0	0	0	-1	1	0	0	0
sll1485	0	0	0	0	1	0	0	-1
sll1486	0	0	0	0	1	0	0	0
sll1488	0	1	-1	0	0	0	0	0
sll1489	-1	1	-1	0	0	0	0	0
sll1491	0	-1	1	0	0	1	0	1
sll1495	0	1	-1	0	0	1	0	0
sll1496	1	0	0	0	0	0	0	1
sll1498	0	1	0	0	1	0	0	0
sll1499	1	-1	0	0	0	0	0	0
sll1500	-1	0	0	0	0	0	0	0
sll1501	0	0	1	0	0	0	0	1
sll1502	0	0	-1	0	0	0	0	-1
sll1503	1	0	0	0	0	0	0	0
sll1504	1	1	0	0	0	0	0	0
sll1505	0	0	0	0	-1	0	0	0
sll1507	1	0	1	0	0	0	0	1
sll1508	0	0	0	0	0	0	0	0
sll1509	0	0	0	0	0	1	0	0
sll1510	-1	0	0	0	0	0	0	0
sll1511	0	0	0	0	0	0	0	0
sll1512	0	0	-1	0	0	0	0	1
sll1513	0	0	0	0	0	1	-1	0
sll1514	0	1	1	0	1	1	0	1
sll1515	1	-1	0	1	0	1	0	0
sll1516	0	0	0	0	0	0	0	0
sll1520	0	0	0	0	0	0	0	0
sll1521	0	-1	0	0	0	0	0	0
sll1522	0	0	0	0	0	0	0	-1
sll1524	-1	0	0	0	1	0	0	0
sll1525	-1	-1	0	0	0	-1	0	0
sll1526	-1	0	-1	-1	1	-1	0	-1
sll1527	0	0	-1	0	1	0	0	-1
sll1528	-1	1	-1	0	1	0	0	0
sll1530	-1	-1	-1	0	0	-1	0	0
sll1531	0	0	-1	0	1	-1	0	0
sll1532	0	0	-1	0	0	-1	0	0
sll1533	-1	-1	-1	0	-1	-1	0	-1
sll1534	-1	1	-1	0	-1	-1	0	-1
sll1535	0	-1	-1	0	-1	0	0	-1
sll1536	-1	0	-1	0	0	0	0	-1
sll1537	0	0	1	0	0	0	0	1
sll1538	0	0	-1	0	0	0	0	0
sll1540	0	0	0	0	0	0	0	0
sll1541	0	1	1	0	0	1	0	1
sll1542	0	1	1	0	-1	0	0	0
sll1543	0	0	0	0	-1	0	0	0
sll1544	0	0	0	0	1	1	0	0
sll1545	0	-1	0	0	0	0	0	0
sll1546	-1	-1	-1	0	0	1	0	-1
sll1547	1	0	0	1	0	0	1	0
sll1549	0	0	1	0	-1	1	-1	0
sll1550	-1	0	-1	0	0	0	-1	0
sll1552	0	0	0	0	0	0	0	0
sll1553	-1	1	-1	1	-1	0	0	-1
sll1555	0	-1	-1	1	0	0	0	0
sll1556	1	0	0	0	0	0	0	0
sll1557	0	0	0	0	0	0	0	0
sll1558	-1	0	1	0	1	1	0	1
sll1559	-1	-1	0	0	0	1	0	0
sll1560	0	0	0	0	-1	-1	0	0
sll1561	0	0	-1	0	0	0	0	-1
sll1562	0	0	1	0	0	0	0	-1
sll1563	1	-1	0	0	1	1	0	-1
sll1564	1	0	0	0	-1	0	0	0
sll1566	0	1	1	0	0	-1	0	1
sll1568	0	-1	0	0	0	0	0	0
sll1570	0	1	0	0	0	0	0	0
sll1571	-1	0	-1	0	0	0	0	-1
sll1572	0	0	0	0	0	0	0	0
sll1573	0	1	0	0	0	0	0	0
sll1574	1	0	0	0	0	0	0	0
sll1575	0	0	-1	0	0	0	0	-1
sll1577	-1	0	-1	0	0	-1	-1	-1
sll1578	-1	1	-1	0	0	-1	0	-1
sll1579	-1	1	-1	0	0	-1	-1	-1
sll1580	-1	1	-1	0	0	-1	-1	0
sll1581	0	1	0	0	0	0	0	-1
sll1582	0	1	0	0	0	0	0	0
sll1583	-1	-1	-1	0	-1	-1	0	-1
sll1584	0	1	-1	0	0	0	0	0
sll1586	1	1	0	0	0	0	0	0
sll1590	1	0	-1	-1	0	0	0	0
sll1592	0	0	0	0	-1	0	0	1
sll1594	0	0	0	0	0	0	0	1
sll1595	0	-1	0	0	0	0	0	0
sll1596	0	-1	0	0	0	0	0	0
sll1598	0	0	0	0	1	0	0	0
sll1599	0	0	0	0	0	1	0	0
sll1600	0	0	0	0	0	0	0	0
sll1601	0	0	0	0	0	0	0	0
sll1605	0	0	-1	0	0	0	0	-1
sll1606	0	0	0	0	0	0	0	0
sll1608	0	0	0	1	0	0	0	0
sll1609	1	-1	0	0	0	0	0	0
sll1611	-1	0	-1	0	1	0	0	-1
sll1612	0	0	0	0	0	0	0	0
sll1613	0	0	-1	0	0	0	0	0
sll1614	0	0	1	0	0	0	0	0
sll1615	0	0	0	0	0	1	0	0
sll1618	0	1	1	0	0	0	1	0
sll1620	0	-1	1	0	1	1	0	1
sll1621	0	1	0	0	1	1	-1	1
sll1623	0	1	1	0	0	0	0	0
sll1624	0	0	1	0	0	1	0	0
sll1625	0	0	-1	0	0	0	0	0
sll1626	-1	0	-1	0	1	-1	0	0
sll1628	0	1	1	-1	1	0	0	0
sll1629	0	1	1	0	1	0	0	0
sll1630	0	0	0	0	0	0	0	0
sll1631	0	0	0	0	0	0	0	0
sll1632	-1	0	-1	0	0	0	0	0
sll1633	-1	0	0	0	0	-1	0	0
sll1634	1	0	1	0	0	0	0	0
sll1635	0	0	0	0	0	0	0	-1
sll1636	0	0	-1	0	0	0	0	0
sll1638	-1	-1	-1	0	0	-1	-1	0
sll1639	-1	0	0	0	0	-1	1	0
sll1640	-1	0	0	0	1	1	0	0
sll1641	-1	0	0	-1	-1	0	0	0
sll1642	0	0	0	0	0	0	0	0
sll1643	1	1	-1	0	0	0	0	0
sll1647	0	1	0	0	0	0	0	0
sll1651	1	-1	0	0	0	0	0	0
sll1652	1	-1	1	0	0	1	0	1
sll1653	1	-1	1	0	0	1	0	1
sll1654	-1	-1	0	0	0	0	0	1
sll1655	-1	0	0	0	0	-1	0	1
sll1656	0	0	-1	0	0	0	0	0
sll1658	0	0	1	0	0	0	0	-1
sll1659	1	1	1	0	0	0	0	-1
sll1660	0	0	0	0	0	0	0	-1
sll1662	0	0	0	0	0	0	0	0
sll1663	0	0	-1	0	0	-1	0	0
sll1664	0	1	1	0	0	0	0	0
sll1665	-1	1	-1	0	0	-1	0	-1
sll1666	0	1	0	-1	1	1	0	0
sll1667	0	1	1	-1	1	1	0	-1
sll1669	0	1	0	0	1	1	0	0
sll1670	0	0	1	0	0	0	0	0
sll1671	0	0	1	0	0	0	0	0
sll1672	0	-1	0	0	0	-1	0	-1
sll1673	1	-1	0	0	0	0	0	0
sll1675	0	0	0	0	0	0	0	0
sll1676	0	1	-1	0	0	0	0	0
sll1677	0	0	-1	0	0	0	0	0
sll1678	0	1	-1	0	0	0	0	0
sll1679	1	1	-1	1	1	0	-1	0
sll1680	0	0	1	0	1	1	-1	1
sll1681	0	0	1	0	0	0	0	1
sll1682	0	-1	-1	0	0	0	0	0
sll1683	0	0	0	1	0	1	0	0
sll1685	0	0	0	0	0	-1	0	-1
sll1686	1	1	0	0	0	0	0	0
sll1687	1	-1	1	0	0	0	0	0
sll1688	1	-1	0	0	0	1	1	0
sll1689	0	1	1	0	1	1	0	-1
sll1691	0	0	-1	0	0	0	0	-1
sll1692	0	0	0	0	0	0	0	-1
sll1693	-1	1	0	0	0	0	0	0
sll1694	0	1	-1	0	-1	0	0	0
sll1695	0	1	-1	0	-1	0	0	-1
sll1696	0	1	0	0	-1	0	0	-1
sll1697	1	1	1	-1	0	0	0	0
sll1698	0	1	0	0	0	0	0	0
sll1699	0	0	0	0	0	0	0	0
sll1702	0	1	0	0	0	0	0	0
sll1703	0	0	0	0	0	0	0	0
sll1704	0	0	0	0	0	0	0	0
sll1708	0	-1	-1	0	0	0	0	0
sll1709	-1	1	0	0	0	0	1	-1
sll1710	0	0	0	0	0	0	0	0
sll1712	-1	0	-1	-1	0	-1	-1	-1
sll1713	-1	1	-1	0	0	-1	0	-1
sll1714	1	-1	0	0	0	0	0	0
sll1715	1	0	-1	0	0	0	0	0
sll1716	0	0	1	0	-1	-1	0	0
sll1717	0	1	1	0	0	0	0	0
sll1721	-1	0	-1	0	1	-1	0	-1
sll1722	0	-1	1	0	0	0	0	0
sll1723	0	0	1	-1	1	0	0	0
sll1724	1	0	1	0	0	0	0	0
sll1725	0	0	1	0	0	0	0	1
sll1726	0	0	1	0	0	0	0	0
sll1730	0	0	0	-1	0	0	0	0
sll1732	1	0	0	0	0	0	-1	1
sll1733	1	0	0	0	0	-1	0	0
sll1734	0	0	0	0	0	0	0	0
sll1735	0	0	0	0	0	0	0	0
sll1736	0	-1	0	0	0	0	0	1
sll1737	0	0	1	0	1	0	0	1
sll1738	1	1	1	0	1	0	0	1
sll1739	0	0	1	0	1	-1	0	1
sll1740	-1	1	1	0	0	0	0	0
sll1742	-1	1	1	0	1	1	1	0
sll1743	-1	0	1	0	-1	0	1	0
sll1744	-1	0	1	0	0	1	0	1
sll1745	-1	-1	0	0	-1	0	1	0
sll1746	-1	-1	0	0	-1	1	1	0
sll1747	0	1	0	0	0	0	0	0
sll1749	0	0	-1	0	0	0	0	0
sll1750	0	0	-1	0	0	-1	0	-1
sll1751	0	0	0	0	1	1	0	0
sll1752	1	-1	1	-1	1	0	0	1
sll1755	0	1	1	0	0	-1	1	1
sll1757	0	1	1	0	1	0	0	1
sll1758	-1	1	-1	1	-1	0	1	-1
sll1760	0	0	-1	0	1	0	0	-1
sll1761	0	0	0	0	0	0	0	0
sll1762	-1	0	-1	0	0	-1	0	-1
sll1763	-1	0	-1	0	0	0	0	-1
sll1764	0	0	-1	0	-1	0	0	0
sll1765	0	0	-1	0	0	0	0	0
sll1766	0	-1	-1	0	0	0	0	-1
sll1767	-1	-1	0	0	0	-1	0	0
sll1768	1	1	0	1	0	0	0	1
sll1769	1	1	1	0	0	1	0	0
sll1770	1	0	0	1	1	1	0	0
sll1771	-1	0	-1	0	0	0	1	-1
sll1772	0	1	0	0	0	0	0	1
sll1773	0	-1	1	0	-1	0	0	1
sll1774	0	0	0	0	-1	0	0	0
sll1775	0	-1	-1	0	0	0	0	0
sll1776	0	-1	-1	0	0	0	0	0
sll1780	0	0	1	0	0	0	1	0
sll1783	-1	0	-1	0	-1	-1	0	-1
sll1784	-1	0	-1	0	0	-1	-1	-1
sll1785	-1	0	-1	0	-1	-1	-1	-1
sll1786	-1	1	0	0	0	0	0	0
sll1787	0	1	0	0	-1	-1	0	1
sll1789	-1	-1	0	0	-1	0	0	1
sll1791	0	0	0	0	0	0	0	0
sll1792	0	0	0	0	0	0	0	0
sll1796	0	1	0	0	0	0	0	0
sll1797	1	1	1	0	1	0	0	0
sll1799	-1	0	0	0	0	-1	1	1
sll1800	-1	0	0	0	0	-1	1	1
sll1801	-1	0	0	0	-1	-1	1	1
sll1802	-1	-1	1	0	-1	-1	1	0
sll1803	-1	-1	0	0	-1	0	0	0
sll1804	-1	-1	0	0	-1	-1	1	0
sll1805	-1	-1	0	0	-1	0	0	0
sll1806	-1	-1	0	0	-1	-1	0	0
sll1807	-1	-1	0	0	-1	0	0	0
sll1808	-1	-1	0	0	-1	-1	0	0
sll1809	-1	-1	0	0	-1	-1	0	0
sll1810	-1	-1	1	0	-1	0	0	0
sll1811	-1	-1	0	0	-1	0	0	0
sll1812	-1	-1	0	0	-1	0	-1	0
sll1813	-1	-1	1	0	-1	0	0	0
sll1814	-1	-1	0	0	-1	0	-1	0
sll1815	-1	-1	-1	0	-1	0	0	0
sll1816	-1	1	1	0	-1	-1	1	0
sll1817	-1	1	1	0	-1	-1	0	0
sll1818	0	0	1	0	-1	-1	1	1
sll1819	-1	0	1	0	-1	1	0	0
sll1820	-1	0	0	0	-1	0	1	0
sll1821	-1	0	1	0	-1	-1	0	0
sll1822	-1	0	1	0	-1	0	0	-1
sll1823	-1	1	1	0	1	1	1	0
sll1824	-1	1	1	0	-1	0	1	-1
sll1825	0	-1	-1	0	0	0	0	-1
sll1830	-1	0	-1	0	-1	-1	0	-1
sll1831	0	1	-1	0	0	0	0	-1
sll1832	0	-1	-1	0	-1	0	0	-1
sll1833	1	0	0	0	0	0	0	0
sll1834	0	1	0	0	0	0	0	0
sll1835	-1	0	-1	0	1	0	0	-1
sll1837	0	1	-1	-1	0	0	0	-1
sll1841	-1	0	0	0	-1	-1	0	0
sll1845	0	1	-1	0	-1	0	0	-1
sll1848	0	0	0	0	0	0	0	1
sll1849	0	0	1	0	0	0	0	1
sll1851	0	0	1	0	0	1	0	0
sll1852	0	-1	0	0	0	0	0	0
sll1853	0	0	1	0	1	0	0	1
sll1854	0	0	1	0	0	0	0	1
sll1858	0	1	-1	0	1	0	0	0
sll1860	0	0	0	0	0	0	0	0
sll1861	0	1	0	0	0	0	0	0
sll1862	1	1	1	-1	-1	-1	1	1
sll1863	0	0	1	-1	-1	0	0	1
sll1864	1	1	-1	1	0	-1	0	0
sll1865	0	0	0	0	0	0	0	1
sll1866	0	-1	0	0	0	0	-1	0
sll1867	1	-1	1	0	0	1	0	1
sll1868	0	0	1	1	0	0	0	0
sll1869	0	0	-1	0	-1	1	0	0
sll1870	0	0	0	0	0	0	0	0
sll1871	1	0	0	0	0	0	0	0
sll1872	0	0	-1	0	0	0	0	-1
sll1873	0	-1	-1	0	0	0	-1	-1
sll1874	0	1	-1	0	-1	-1	0	0
sll1875	0	1	-1	0	0	0	0	0
sll1876	0	0	0	0	-1	-1	0	-1
sll1878	0	0	0	-1	0	1	0	1
sll1879	-1	0	-1	0	0	0	0	0
sll1880	0	0	0	-1	0	0	0	0
sll1882	1	-1	-1	1	-1	-1	0	0
sll1883	-1	1	0	-1	0	-1	0	0
sll1884	-1	0	1	0	1	1	0	1
sll1885	0	-1	-1	0	0	0	1	0
sll1886	-1	1	0	0	0	0	0	1
sll1888	0	0	0	0	0	0	0	1
sll1890	-1	0	0	0	0	0	0	0
sll1891	1	-1	1	-1	-1	0	-1	-1
sll1892	0	0	1	0	0	0	-1	0
sll1893	0	-1	0	0	0	0	0	0
sll1894	1	1	0	0	0	0	0	1
sll1895	0	1	1	0	0	-1	0	-1
sll1897	0	0	0	0	0	0	0	0
sll1898	0	1	-1	0	0	1	0	-1
sll1899	-1	1	-1	-1	0	-1	0	-1
sll1900	0	1	0	0	1	0	0	0
sll1902	0	0	0	0	0	0	0	0
sll1905	1	1	0	0	-1	0	0	0
sll1906	0	1	0	0	0	0	0	0
sll1908	0	1	0	0	0	-1	0	-1
sll1909	0	1	0	0	0	-1	0	0
sll1910	-1	1	-1	0	0	0	0	0
sll1911	0	0	1	1	0	1	0	0
sll1912	0	0	0	1	0	0	0	0
sll1913	0	0	0	0	0	0	0	-1
sll1915	0	-1	0	0	0	0	0	0
sll1916	1	0	0	0	0	0	0	1
sll1917	0	0	0	0	0	0	0	1
sll1920	0	0	1	0	0	0	0	1
sll1921	1	-1	-1	0	0	0	0	1
sll1924	0	-1	0	0	0	0	0	1
sll1925	-1	-1	-1	0	0	0	0	-1
sll1926	0	0	-1	0	0	0	0	-1
sll1927	-1	0	-1	0	0	1	0	0
sll1929	0	0	-1	0	0	0	0	0
sll1930	0	0	0	0	0	0	0	0
sll1931	0	-1	-1	0	0	0	-1	-1
sll1932	0	1	1	0	0	0	0	0
sll1933	0	-1	1	0	0	0	0	0
sll1934	0	0	-1	0	1	0	0	0
sll1937	0	-1	0	0	0	0	0	1
sll1938	0	-1	1	0	0	0	0	0
sll1939	-1	0	-1	0	0	0	0	0
sll1940	0	0	0	0	0	0	0	-1
sll1941	0	0	0	0	0	0	0	-1
sll1942	0	1	-1	0	-1	0	0	-1
sll1945	1	-1	0	0	0	-1	0	0
sll1946	0	0	-1	0	0	0	0	0
sll1949	0	-1	-1	0	0	0	0	-1
sll1950	0	0	0	0	0	0	0	0
sll1951	-1	0	-1	-1	-1	0	1	0
sll1954	0	0	0	0	0	0	-1	0
sll1956	0	1	0	0	0	0	0	-1
sll1957	0	0	-1	0	0	0	0	0
sll1958	0	0	-1	0	1	0	0	0
sll1959	0	0	0	0	-1	0	0	0
sll1960	-1	0	0	0	0	1	0	0
sll1961	0	0	-1	0	0	0	0	0
sll1965	0	-1	1	0	0	0	0	0
sll1967	1	0	0	0	1	0	0	1
sll1968	0	0	1	0	0	0	0	1
sll1969	0	0	0	0	0	1	0	0
sll1971	0	1	1	0	0	0	0	-1
sll1973	0	-1	-1	0	0	0	0	0
sll1979	0	1	-1	0	0	0	0	0
sll1980	1	1	0	0	0	0	0	0
sll1981	1	0	0	0	1	1	0	0
sll1982	0	0	0	0	0	0	0	0
sll1983	0	0	0	0	0	0	0	0
sll1984	0	0	0	0	0	1	0	0
sll1985	0	0	0	0	0	1	0	0
sll1987	0	-1	0	0	0	0	-1	0
sll1988	1	-1	-1	0	0	0	0	0
sll1994	-1	-1	-1	0	0	0	0	-1
sll1995	-1	-1	-1	0	0	0	0	0
sll1997	0	0	0	0	0	0	0	0
sll1998	0	0	0	0	0	1	0	0
sll1999	0	0	0	0	0	0	0	0
sll2001	-1	1	-1	0	0	0	0	0
sll2002	0	0	-1	0	0	-1	0	-1
sll2003	-1	0	0	0	-1	0	0	0
sll2005	-1	0	0	0	0	-1	0	0
sll2006	0	0	0	0	0	0	0	0
sll2007	0	0	0	0	-1	0	0	0
sll2008	0	1	-1	0	0	0	0	1
sll2009	0	1	-1	0	-1	0	0	0
sll2010	-1	1	0	0	0	0	0	0
sll2011	0	0	1	0	0	0	0	0
sll2012	0	-1	1	0	1	1	0	1
sll2013	0	-1	1	0	0	1	0	1
sll2014	0	-1	1	1	0	1	0	1
sll2015	1	0	0	0	0	0	0	0
slr0001	0	1	0	0	0	0	0	0
slr0006	1	1	0	0	0	-1	0	0
slr0007	1	1	0	0	0	-1	0	0
slr0008	0	-1	1	0	1	1	0	1
slr0009	-1	-1	-1	-1	0	0	0	-1
slr0011	-1	-1	-1	0	1	0	0	-1
slr0012	-1	-1	-1	0	-1	0	-1	-1
slr0013	-1	0	0	0	0	0	1	-1
slr0014	0	0	0	0	0	0	1	0
slr0015	-1	1	0	0	-1	0	0	0
slr0016	0	0	0	0	0	0	0	0
slr0017	0	1	-1	0	1	0	0	-1
slr0018	0	1	0	0	0	0	0	0
slr0019	0	0	0	0	1	0	0	0
slr0020	0	1	0	0	0	0	0	0
slr0021	0	1	0	0	0	0	0	0
slr0022	0	0	1	0	0	0	0	0
slr0023	0	0	0	0	0	0	0	0
slr0031	1	0	0	0	0	0	0	0
slr0032	0	-1	0	0	0	-1	0	1
slr0033	0	0	-1	0	0	0	0	1
slr0036	1	0	0	-1	0	0	0	0
slr0038	0	1	-1	0	0	0	0	0
slr0039	0	0	-1	-1	0	0	0	0
slr0040	1	0	0	0	0	0	0	0
slr0041	1	0	0	0	0	0	0	0
slr0042	1	0	0	0	0	0	0	0
slr0043	1	0	0	0	0	0	0	0
slr0044	1	-1	0	0	0	0	0	0
slr0049	-1	-1	-1	0	0	-1	0	-1
slr0050	0	1	0	0	0	-1	0	0
slr0051	1	0	0	-1	0	0	0	-1
slr0053	0	-1	1	1	0	1	0	0
slr0054	0	1	1	0	0	0	0	0
slr0055	0	1	1	0	-1	0	0	0
slr0056	-1	1	0	0	0	0	0	0
slr0058	1	0	1	0	0	0	0	0
slr0059	0	0	0	-1	0	0	0	0
slr0060	0	-1	1	0	1	0	0	0
slr0061	1	-1	0	0	0	0	0	-1
slr0063	0	-1	0	0	0	0	0	0
slr0064	0	-1	0	0	0	1	0	0
slr0065	0	0	0	0	0	0	0	0
slr0066	0	0	0	1	0	0	0	0
slr0067	0	-1	-1	1	0	0	0	0
slr0069	0	1	0	0	0	0	0	0
slr0070	0	0	0	0	-1	0	0	0
slr0072	0	1	0	0	0	0	0	1
slr0073	0	0	-1	0	-1	0	0	0
slr0074	1	-1	0	0	0	0	0	1
slr0075	0	0	0	0	0	0	0	0
slr0076	0	-1	0	0	1	1	0	0
slr0077	0	0	0	0	1	-1	0	0
slr0078	0	0	0	0	0	0	0	0
slr0079	1	-1	-1	0	-1	0	0	-1
slr0080	0	0	1	0	-1	0	0	0
slr0081	0	-1	-1	0	0	-1	0	-1
slr0082	1	1	1	0	1	0	1	1
slr0083	0	1	1	0	-1	-1	1	1
slr0084	1	1	0	0	0	0	0	0
slr0086	0	0	0	0	0	0	0	0
slr0088	0	1	0	0	0	0	0	0
slr0089	1	1	0	0	0	0	0	0
slr0090	0	0	1	0	0	0	0	0
slr0091	0	0	0	0	0	0	0	0
slr0092	0	0	1	0	1	0	0	0
slr0093	0	0	1	0	1	1	0	1
slr0095	0	0	1	0	1	1	0	1
slr0096	-1	1	0	0	0	0	0	0
slr0099	0	0	1	0	1	1	1	0
slr0103	0	0	1	0	0	0	0	0
slr0104	0	0	0	0	0	0	0	0
slr0105	0	-1	0	0	0	0	0	0
slr0106	0	0	0	0	0	0	-1	0
slr0108	0	0	0	0	0	1	0	0
slr0109	0	0	0	0	0	1	0	0
slr0110	0	0	-1	0	0	-1	0	0
slr0111	0	-1	-1	0	0	0	0	0
slr0112	0	0	1	0	0	0	0	1
slr0114	0	1	1	1	0	0	0	0
slr0115	0	1	-1	0	1	0	0	0
slr0116	0	1	0	0	0	0	0	-1
slr0118	-1	-1	-1	0	0	-1	0	-1
slr0119	0	0	1	1	1	0	0	0
slr0120	0	0	1	0	1	0	0	0
slr0121	0	1	-1	0	0	0	0	-1
slr0142	0	0	0	0	0	0	0	-1
slr0143	1	-1	0	0	0	0	0	0
slr0144	-1	-1	-1	0	-1	-1	-1	-1
slr0145	-1	-1	-1	0	0	0	-1	0
slr0146	-1	0	-1	0	-1	-1	0	-1
slr0147	-1	1	-1	-1	-1	-1	-1	0
slr0148	-1	1	-1	0	-1	-1	-1	-1
slr0149	-1	1	-1	0	-1	-1	-1	-1
slr0150	-1	1	-1	-1	0	-1	0	-1
slr0151	-1	1	-1	0	-1	0	-1	-1
slr0152	0	0	0	0	0	-1	0	1
slr0156	0	0	0	0	1	1	0	0
slr0157	0	0	1	0	0	0	0	0
slr0161	0	-1	-1	0	0	-1	0	-1
slr0162	0	0	-1	0	-1	0	-1	-1
slr0163	0	0	-1	0	0	0	-1	0
slr0164	0	-1	-1	0	-1	1	0	0
slr0165	0	-1	0	0	-1	0	0	0
slr0166	0	0	0	0	0	0	0	0
slr0168	0	0	0	-1	0	-1	0	0
slr0169	-1	0	0	0	1	1	1	0
slr0171	-1	-1	1	0	0	0	0	0
slr0172	0	-1	-1	0	0	0	0	-1
slr0179	1	-1	0	0	0	0	0	0
slr0180	0	0	0	0	0	0	0	0
slr0181	0	0	1	0	0	0	0	0
slr0184	0	0	0	0	0	0	0	0
slr0185	0	1	0	0	0	0	0	0
slr0186	0	0	0	0	-1	0	-1	-1
slr0191	0	1	1	0	0	0	0	0
slr0192	0	1	0	0	0	0	-1	-1
slr0193	0	-1	1	0	0	0	0	-1
slr0194	0	-1	0	0	0	0	0	0
slr0195	0	0	0	0	0	1	0	0
slr0196	0	-1	0	0	0	0	0	0
slr0197	1	0	0	0	-1	1	0	0
slr0199	0	1	1	1	0	0	0	1
slr0201	0	0	0	0	0	0	0	0
slr0204	0	0	0	0	0	0	0	0
slr0207	0	-1	1	0	0	0	0	0
slr0208	0	0	1	0	1	0	0	0
slr0209	0	0	0	0	0	0	1	0
slr0210	1	0	0	0	0	0	0	0
slr0211	1	-1	0	1	1	0	0	1
slr0212	0	-1	-1	0	0	0	0	-1
slr0213	-1	0	-1	0	-1	0	0	-1
slr0214	0	0	0	0	0	0	0	0
slr0216	0	0	-1	0	0	0	0	0
slr0217	1	0	1	0	0	0	0	0
slr0220	0	0	-1	-1	1	1	0	-1
slr0222	1	0	0	0	0	0	0	0
slr0224	0	0	1	0	0	0	0	1
slr0226	0	0	-1	0	-1	0	0	0
slr0228	1	-1	1	0	0	1	0	1
slr0229	0	1	1	0	0	0	0	0
slr0230	0	0	0	0	0	1	0	0
slr0231	1	0	0	0	0	0	0	0
slr0232	0	0	0	0	0	0	0	1
slr0233	1	-1	-1	0	-1	0	0	0
slr0236	-1	0	0	0	-1	0	0	1
slr0237	0	0	0	0	0	0	0	0
slr0238	0	0	0	0	0	0	0	0
slr0239	0	0	0	0	0	0	1	0
slr0240	0	0	-1	0	0	0	0	0
slr0241	0	-1	-1	0	-1	0	0	-1
slr0242	1	-1	0	0	0	0	0	-1
slr0243	0	0	0	1	0	0	0	-1
slr0244	-1	-1	-1	0	-1	-1	0	0
slr0245	-1	1	0	0	0	-1	0	0
slr0249	1	0	0	1	0	0	0	1
slr0250	0	1	1	0	1	0	0	1
slr0251	0	1	1	0	0	0	0	1
slr0252	0	1	1	0	0	0	0	1
slr0254	0	0	0	0	0	0	0	0
slr0257	1	1	0	0	0	0	0	0
slr0260	-1	-1	-1	0	0	0	1	0
slr0261	0	-1	-1	0	0	1	-1	-1
slr0262	0	0	0	0	0	0	0	0
slr0263	0	0	0	0	0	0	0	1
slr0264	0	0	0	0	0	0	0	0
slr0265	0	0	0	0	-1	-1	0	0
slr0267	0	1	0	0	1	0	0	0
slr0269	0	0	0	0	0	1	0	0
slr0270	1	0	1	0	-1	1	0	0
slr0271	0	-1	0	0	0	0	0	0
slr0272	0	-1	-1	0	0	0	0	0
slr0273	1	-1	0	0	0	0	0	-1
slr0280	0	0	0	0	0	0	0	0
slr0284	0	-1	0	0	-1	0	0	-1
slr0285	0	0	-1	-1	0	0	0	0
slr0286	0	0	0	0	-1	0	0	0
slr0287	0	1	0	0	0	0	1	-1
slr0288	-1	1	1	0	0	-1	-1	-1
slr0291	0	-1	0	0	0	0	0	0
slr0292	0	0	1	0	0	0	0	0
slr0293	1	-1	1	0	0	0	0	-1
slr0294	0	0	0	1	0	0	0	0
slr0298	1	0	-1	0	-1	1	-1	0
slr0299	0	0	0	1	-1	0	0	0
slr0300	0	0	0	0	0	0	0	0
slr0301	0	0	-1	0	0	-1	0	1
slr0302	0	0	0	0	0	0	0	0
slr0303	0	-1	-1	0	0	0	0	0
slr0304	0	-1	0	0	0	0	0	0
slr0305	0	0	-1	0	1	0	0	0
slr0306	1	-1	0	0	0	-1	0	0
slr0309	0	-1	-1	0	0	-1	0	0
slr0311	1	0	0	0	0	0	0	0
slr0312	0	0	0	0	0	0	0	-1
slr0313	1	0	0	0	0	0	0	0
slr0314	1	0	0	0	0	0	0	0
slr0315	1	-1	0	0	0	0	0	0
slr0316	1	-1	0	0	0	0	0	0
slr0317	0	-1	0	0	0	0	0	0
slr0318	0	0	-1	-1	0	0	0	-1
slr0319	-1	0	0	0	0	0	0	0
slr0320	1	-1	0	0	0	1	0	0
slr0321	0	1	1	1	0	0	0	0
slr0322	0	1	-1	0	0	0	0	0
slr0323	0	0	0	0	-1	0	0	0
slr0324	-1	0	-1	0	0	0	0	0
slr0325	-1	0	0	0	0	0	0	0
slr0326	0	1	1	0	1	1	0	0
slr0327	0	1	1	0	0	0	0	0
slr0328	0	1	1	0	0	0	-1	1
slr0329	0	1	0	0	1	0	0	0
slr0331	-1	1	-1	0	-1	-1	0	-1
slr0333	0	1	-1	-1	0	0	0	-1
slr0334	0	1	-1	0	0	0	-1	0
slr0335	-1	-1	-1	0	-1	-1	0	-1
slr0337	0	1	1	0	0	0	0	1
slr0338	-1	1	0	0	0	0	1	-1
slr0341	0	0	0	0	0	0	0	0
slr0342	0	-1	-1	0	-1	0	-1	-1
slr0343	0	-1	-1	0	-1	0	0	-1
slr0344	0	-1	0	1	0	0	0	-1
slr0345	-1	0	-1	0	0	0	0	0
slr0346	0	0	-1	0	-1	0	0	-1
slr0347	0	0	-1	-1	0	0	0	0
slr0348	0	0	0	-1	0	0	0	0
slr0350	0	0	0	0	0	0	0	0
slr0351	0	0	-1	0	0	0	0	0
slr0352	0	0	0	0	0	1	0	0
slr0353	0	0	1	0	0	0	0	0
slr0354	0	0	1	0	1	0	0	1
slr0355	0	1	-1	0	-1	0	0	0
slr0356	0	-1	0	0	-1	0	0	0
slr0357	0	1	1	0	1	1	0	0
slr0358	0	0	-1	0	0	0	0	0
slr0359	0	-1	-1	0	0	0	0	0
slr0360	0	1	-1	0	0	-1	0	0
slr0361	0	1	-1	0	0	0	0	0
slr0362	0	1	1	0	0	0	0	0
slr0363	0	0	0	0	0	0	0	0
slr0364	0	-1	0	0	0	0	0	1
slr0366	0	-1	0	0	0	1	0	0
slr0368	0	1	0	0	0	0	0	0
slr0369	-1	1	-1	0	0	0	0	-1
slr0370	0	0	0	0	0	1	0	0
slr0373	1	-1	-1	0	-1	0	0	0
slr0374	1	-1	-1	0	-1	0	0	0
slr0376	1	0	-1	0	-1	-1	0	0
slr0377	1	-1	-1	0	0	0	0	0
slr0378	0	1	-1	-1	0	0	0	0
slr0379	0	0	-1	-1	-1	0	0	-1
slr0380	0	0	1	0	0	1	0	0
slr0381	0	1	1	0	0	1	0	0
slr0383	0	0	0	0	0	0	0	1
slr0384	-1	1	1	0	0	0	0	0
slr0386	0	1	0	0	0	0	0	0
slr0387	1	1	1	0	-1	1	0	0
slr0388	0	1	1	0	0	0	0	0
slr0392	0	0	-1	0	0	0	0	0
slr0393	0	0	0	0	0	0	0	0
slr0394	0	0	-1	-1	0	-1	0	0
slr0395	0	0	0	0	0	-1	0	0
slr0397	0	-1	-1	0	0	0	0	0
slr0398	0	1	0	-1	0	0	0	0
slr0399	0	1	1	0	0	0	1	-1
slr0400	0	0	-1	0	0	0	0	0
slr0401	0	0	0	0	1	0	0	0
slr0402	0	0	-1	0	0	0	0	0
slr0404	0	0	1	0	0	1	0	0
slr0406	0	-1	0	0	1	0	0	0
slr0407	0	0	0	0	0	0	0	0
slr0408	0	0	-1	0	1	0	0	0
slr0415	0	1	0	0	0	0	1	0
slr0416	1	-1	1	0	0	0	0	1
slr0417	0	1	1	0	0	0	-1	1
slr0418	0	1	1	0	0	0	0	1
slr0420	0	0	-1	0	0	0	0	-1
slr0421	0	0	1	0	0	0	0	0
slr0423	0	1	1	0	0	0	1	0
slr0426	-1	-1	0	0	0	0	0	0
slr0427	-1	-1	0	0	0	0	0	1
slr0431	0	-1	0	0	0	0	0	0
slr0434	-1	0	-1	0	0	0	0	-1
slr0435	-1	0	-1	0	0	0	0	-1
slr0436	0	0	0	0	0	0	0	1
slr0438	0	-1	0	0	-1	0	0	0
slr0439	0	-1	0	0	0	0	0	0
slr0440	1	0	0	0	0	0	0	0
slr0442	1	0	0	0	-1	1	0	0
slr0443	-1	0	1	0	0	1	0	0
slr0444	-1	1	-1	0	-1	0	0	0
slr0445	1	0	-1	0	0	0	0	0
slr0446	0	0	0	0	0	0	0	0
slr0447	-1	1	0	-1	-1	-1	-1	-1
slr0448	0	0	0	0	0	0	0	0
slr0449	0	-1	0	0	0	0	0	0
slr0451	1	-1	-1	0	0	0	0	1
slr0452	0	-1	-1	0	0	-1	0	0
slr0453	0	0	-1	0	0	0	0	-1
slr0454	0	1	0	0	0	0	0	0
slr0455	0	-1	0	0	0	0	0	0
slr0456	0	-1	0	0	0	0	0	0
slr0457	0	0	0	0	0	0	0	0
slr0458	0	0	0	0	0	0	0	0
slr0459	0	1	0	0	0	0	0	0
slr0460	0	0	0	0	0	1	0	0
slr0462	0	0	0	0	1	1	0	0
slr0467	-1	0	-1	0	0	0	0	0
slr0468	0	0	-1	0	0	0	0	0
slr0469	-1	1	1	0	1	0	0	0
slr0473	0	0	-1	0	-1	0	0	0
slr0474	0	1	0	0	-1	-1	0	0
slr0476	0	0	-1	0	0	-1	0	-1
slr0477	0	0	0	0	0	0	0	0
slr0479	0	0	0	0	0	0	0	0
slr0480	0	1	0	-1	0	0	1	-1
slr0482	0	0	0	0	0	0	0	0
slr0483	-1	0	0	0	-1	-1	-1	-1
slr0484	-1	0	0	0	0	0	0	0
slr0487	0	0	0	0	0	0	0	0
slr0488	1	1	0	0	0	0	0	-1
slr0489	0	0	1	0	-1	0	-1	0
slr0491	1	0	1	0	0	0	0	0
slr0492	0	0	1	0	0	0	0	0
slr0493	0	0	1	0	0	0	0	-1
slr0495	0	0	0	0	0	0	0	0
slr0496	0	0	0	0	0	0	0	0
slr0498	0	0	0	0	0	0	0	0
slr0500	1	0	0	0	1	1	0	0
slr0502	0	0	-1	0	0	0	0	-1
slr0503	0	0	0	0	0	0	0	0
slr0505	0	0	1	1	0	1	0	0
slr0506	-1	-1	-1	0	-1	0	-1	-1
slr0509	0	0	0	-1	0	0	0	0
slr0510	0	0	0	0	0	0	0	0
slr0511	0	0	0	0	0	0	0	0
slr0513	-1	-1	1	0	1	1	0	0
slr0514	0	0	1	0	1	0	0	0
slr0516	-1	0	0	0	0	0	0	0
slr0517	1	1	0	0	0	0	0	0
slr0518	1	-1	1	0	0	0	0	0
slr0519	-1	0	-1	0	1	0	0	-1
slr0520	0	0	-1	0	0	0	0	0
slr0521	-1	0	0	0	0	0	0	0
slr0522	0	-1	1	0	0	0	0	0
slr0523	0	1	1	0	0	0	0	1
slr0525	-1	1	0	0	0	0	0	0
slr0526	-1	1	0	0	0	0	0	1
slr0527	0	1	1	0	0	0	0	1
slr0528	-1	1	-1	-1	0	0	0	0
slr0529	0	0	1	0	0	0	0	1
slr0530	1	0	1	0	-1	1	0	1
slr0531	0	1	-1	0	0	0	0	0
slr0533	0	1	0	0	0	0	0	0
slr0534	0	1	0	0	0	0	0	0
slr0535	1	-1	0	0	0	0	0	0
slr0536	0	1	0	0	0	0	0	0
slr0537	-1	0	-1	0	0	0	0	0
slr0541	0	0	1	0	0	0	0	0
slr0542	0	-1	0	0	0	0	0	0
slr0543	1	-1	0	0	0	0	0	0
slr0544	1	1	1	0	1	0	0	0
slr0545	0	0	-1	0	0	0	1	0
slr0546	0	1	0	0	1	1	0	0
slr0549	0	1	1	0	1	0	1	1
slr0550	0	1	1	0	-1	0	1	1
slr0551	0	-1	1	1	0	1	1	0
slr0552	0	-1	1	0	0	0	1	0
slr0553	-1	0	1	0	-1	0	0	0
slr0554	0	1	0	0	0	0	0	0
slr0556	1	-1	1	0	0	0	0	0
slr0557	-1	1	-1	0	0	-1	0	-1
slr0559	0	0	0	0	0	1	0	0
slr0565	0	1	1	0	0	0	0	0
slr0569	0	0	0	0	0	0	0	0
slr0572	0	0	-1	-1	0	-1	0	0
slr0573	0	0	0	0	0	0	0	0
slr0574	1	-1	-1	0	0	0	0	0
slr0575	0	-1	-1	0	0	0	0	-1
slr0579	1	-1	1	0	0	0	0	0
slr0580	0	-1	1	0	-1	0	0	0
slr0581	1	-1	1	1	0	1	0	1
slr0582	0	-1	1	-1	0	1	0	0
slr0583	0	0	0	0	0	0	0	-1
slr0585	-1	1	0	0	1	-1	0	0
slr0586	0	1	-1	0	0	0	0	0
slr0587	0	-1	-1	0	-1	0	0	0
slr0588	0	1	0	0	0	0	0	0
slr0589	-1	0	0	0	0	0	0	1
slr0590	-1	1	0	0	0	0	1	0
slr0591	0	0	0	0	0	0	0	-1
slr0592	0	0	0	0	0	0	0	0
slr0593	1	0	0	0	0	-1	0	1
slr0594	1	0	1	0	0	0	0	0
slr0596	1	0	1	0	0	0	0	1
slr0597	-1	-1	-1	0	0	0	0	-1
slr0598	0	-1	0	0	0	0	0	0
slr0599	0	-1	0	0	1	0	0	-1
slr0600	0	0	0	-1	1	0	0	0
slr0601	0	-1	-1	0	1	0	0	0
slr0602	1	-1	1	0	0	0	0	0
slr0603	1	0	0	0	0	0	0	0
slr0604	0	0	0	0	1	0	0	1
slr0605	0	0	0	0	0	0	0	1
slr0606	0	0	0	-1	1	0	-1	-1
slr0607	0	0	0	0	0	0	0	0
slr0608	0	-1	-1	0	0	0	0	0
slr0609	0	-1	0	0	1	0	0	0
slr0610	0	0	0	0	1	1	0	0
slr0611	0	1	1	0	0	1	0	1
slr0612	0	0	1	0	0	0	0	1
slr0613	0	0	1	0	0	1	0	1
slr0615	1	0	0	0	-1	0	0	1
slr0616	1	0	0	0	0	0	0	0
slr0617	1	1	-1	0	0	0	0	0
slr0618	0	0	0	0	0	0	0	0
slr0619	0	1	0	-1	0	0	0	0
slr0623	0	-1	-1	0	0	-1	0	0
slr0624	-1	1	-1	0	0	0	0	0
slr0625	-1	1	-1	-1	0	0	0	-1
slr0626	0	1	1	0	1	0	0	0
slr0628	0	1	1	0	0	0	0	0
slr0630	1	0	1	0	-1	0	0	0
slr0633	0	-1	0	0	0	0	0	0
slr0634	1	0	0	1	0	0	0	0
slr0635	0	0	0	0	0	0	0	0
slr0636	0	0	0	0	0	0	0	0
slr0637	-1	1	0	0	0	0	0	0
slr0638	0	0	0	-1	0	0	0	0
slr0639	0	0	1	0	1	0	0	0
slr0640	0	1	1	0	0	0	0	0
slr0642	1	0	1	1	0	1	0	0
slr0643	1	0	1	0	0	0	0	1
slr0644	0	0	0	0	0	0	0	0
slr0645	0	0	-1	0	0	0	0	-1
slr0646	0	0	0	0	1	0	0	0
slr0649	1	0	-1	0	1	0	1	0
slr0650	0	0	0	0	0	0	0	0
slr0651	0	0	1	0	0	0	0	0
slr0652	0	0	1	0	1	1	0	0
slr0653	0	0	-1	0	0	0	-1	-1
slr0654	1	-1	-1	0	0	0	0	0
slr0655	0	-1	-1	0	0	0	0	1
slr0656	1	-1	0	0	-1	0	0	0
slr0657	-1	1	0	0	0	0	0	-1
slr0658	1	0	0	0	-1	0	0	-1
slr0659	0	-1	-1	0	0	0	0	0
slr0661	0	0	0	0	0	0	0	1
slr0662	0	-1	0	0	1	0	0	-1
slr0664	0	0	0	0	0	0	0	0
slr0665	0	0	-1	0	0	0	0	0
slr0666	1	0	0	0	0	0	0	0
slr0667	0	0	0	1	0	0	0	0
slr0668	0	0	1	1	0	0	0	0
slr0670	0	0	-1	0	0	0	0	0
slr0675	0	0	0	0	0	0	0	0
slr0676	0	0	-1	0	1	0	0	-1
slr0677	0	1	0	0	0	0	0	-1
slr0678	0	1	1	-1	0	0	0	0
slr0679	0	0	0	0	0	0	0	0
slr0680	-1	-1	-1	0	0	0	0	-1
slr0681	-1	-1	-1	0	1	0	0	0
slr0682	0	0	1	0	0	0	0	0
slr0686	0	-1	-1	-1	-1	0	0	-1
slr0687	1	0	0	0	0	0	0	0
slr0688	0	1	1	0	0	0	0	1
slr0689	0	0	1	0	1	0	0	1
slr0692	1	0	-1	0	0	0	0	0
slr0695	-1	-1	1	0	-1	0	0	0
slr0697	1	-1	-1	0	0	0	0	-1
slr0698	0	-1	-1	0	1	1	0	0
slr0699	0	0	0	0	0	0	0	0
slr0700	0	0	0	0	-1	0	0	0
slr0701	0	-1	0	0	0	0	0	0
slr0702	0	0	0	0	0	0	0	0
slr0703	0	0	0	0	0	0	0	0
slr0704	0	0	0	0	0	0	0	0
slr0707	-1	0	0	0	1	0	0	0
slr0708	-1	-1	-1	0	0	0	0	-1
slr0709	-1	-1	-1	0	0	0	0	-1
slr0710	-1	-1	0	0	0	-1	0	-1
slr0711	0	0	0	0	0	0	0	0
slr0712	0	0	0	0	0	0	0	0
slr0713	0	0	0	0	1	0	1	0
slr0719	0	-1	0	0	0	0	0	0
slr0721	0	0	-1	0	0	0	0	0
slr0722	0	0	-1	0	0	1	0	0
slr0723	0	-1	-1	0	0	0	0	-1
slr0724	0	-1	0	0	0	0	0	0
slr0725	1	-1	1	0	0	0	0	0
slr0727	0	0	0	0	0	0	0	0
slr0728	0	0	0	0	0	0	0	0
slr0729	0	0	-1	0	0	0	0	0
slr0730	0	0	-1	0	0	0	0	0
slr0731	-1	0	-1	0	1	0	0	1
slr0732	-1	0	0	0	0	0	0	0
slr0733	0	0	0	-1	1	0	0	1
slr0734	0	1	1	0	0	0	0	0
slr0737	-1	0	-1	-1	0	0	-1	-1
slr0738	-1	0	-1	0	1	0	0	-1
slr0739	-1	0	0	0	1	-1	0	0
slr0740	0	0	0	0	0	0	0	0
slr0741	0	0	1	0	0	0	0	0
slr0742	-1	1	1	0	0	0	0	0
slr0743	-1	0	1	0	0	0	1	0
slr0744	0	0	0	0	-1	0	0	0
slr0746	1	-1	1	0	0	0	0	1
slr0747	0	0	1	0	0	0	1	0
slr0748	0	0	0	0	0	0	0	0
slr0749	-1	-1	-1	0	0	-1	0	-1
slr0750	-1	-1	-1	0	-1	-1	-1	0
slr0751	0	0	0	-1	0	0	0	1
slr0752	-1	0	-1	0	-1	-1	0	0
slr0753	0	-1	1	0	0	-1	0	-1
slr0755	0	1	1	0	0	1	0	0
slr0756	1	0	1	0	0	0	0	-1
slr0757	0	0	0	0	0	0	1	0
slr0758	0	1	0	0	0	0	0	-1
slr0765	0	0	0	-1	0	0	-1	0
slr0769	0	0	0	0	0	0	0	0
slr0770	0	0	0	-1	0	0	0	0
slr0771	0	1	1	-1	0	0	0	0
slr0772	-1	-1	-1	0	-1	-1	0	0
slr0773	0	1	0	-1	0	0	-1	0
slr0774	0	1	0	0	1	1	0	0
slr0775	-1	1	0	0	1	1	0	-1
slr0776	0	0	0	0	0	0	0	0
slr0779	-1	-1	1	0	0	0	0	1
slr0780	-1	-1	1	0	0	0	0	-1
slr0782	0	0	-1	-1	0	0	0	-1
slr0783	-1	1	-1	0	0	0	0	0
slr0784	-1	1	-1	0	0	0	0	0
slr0786	0	0	1	0	0	-1	0	1
slr0787	1	-1	0	0	0	0	0	1
slr0788	1	-1	0	0	0	0	0	1
slr0789	1	0	0	0	0	0	0	0
slr0790	0	0	0	0	0	0	0	0
slr0793	0	1	1	0	0	0	0	1
slr0794	0	0	0	0	0	0	0	0
slr0795	1	0	0	0	0	0	0	0
slr0796	1	1	1	-1	0	1	0	0
slr0797	0	0	0	0	0	0	0	0
slr0798	0	0	0	0	0	0	0	0
slr0799	0	0	0	0	0	0	0	0
slr0800	0	0	0	0	0	0	0	0
slr0801	0	0	0	0	0	0	0	0
slr0804	-1	0	0	0	0	-1	0	-1
slr0806	0	1	1	0	1	-1	0	0
slr0807	0	0	-1	0	0	0	0	-1
slr0808	0	0	0	0	0	0	0	0
slr0809	-1	1	0	-1	-1	0	0	-1
slr0810	1	-1	1	0	0	0	0	0
slr0812	0	0	1	0	0	0	0	0
slr0813	0	1	1	0	0	1	0	0
slr0815	0	-1	1	0	0	0	0	0
slr0816	0	-1	1	1	0	0	0	1
slr0817	0	1	0	0	0	1	0	0
slr0818	1	-1	0	0	0	0	0	-1
slr0819	0	0	0	0	0	0	0	0
slr0820	0	0	0	0	0	0	0	0
slr0821	0	0	-1	0	0	0	0	-1
slr0822	0	1	0	0	0	0	0	1
slr0823	0	1	0	0	0	0	0	-1
slr0825	0	-1	-1	0	0	0	0	0
slr0827	-1	1	-1	0	0	0	0	0
slr0829	0	1	0	0	0	0	0	0
slr0833	1	-1	0	0	0	0	0	0
slr0835	0	1	-1	0	1	0	0	0
slr0836	0	0	0	0	0	0	0	0
slr0838	0	0	-1	0	0	0	0	0
slr0839	0	1	0	0	-1	1	0	0
slr0841	0	0	-1	-1	0	0	0	1
slr0842	0	0	0	0	0	0	0	0
slr0844	0	0	0	0	0	0	0	-1
slr0845	1	0	1	0	0	0	0	0
slr0846	0	0	0	0	1	1	0	0
slr0847	0	0	0	0	-1	0	0	-1
slr0848	0	1	0	0	0	0	0	-1
slr0851	0	1	1	0	0	0	0	0
slr0852	0	0	1	0	0	0	0	1
slr0853	0	0	1	0	1	0	0	1
slr0854	0	1	0	0	1	1	0	0
slr0856	0	0	0	0	0	0	0	0
slr0857	0	0	0	0	0	0	0	0
slr0861	0	-1	0	0	1	0	0	0
slr0862	0	0	-1	0	0	0	0	0
slr0863	0	0	0	0	0	0	0	1
slr0864	0	0	-1	0	0	0	0	-1
slr0865	0	-1	-1	1	0	0	0	-1
slr0867	0	0	0	0	0	0	0	0
slr0868	1	0	-1	0	0	0	0	0
slr0869	0	-1	-1	0	0	0	-1	0
slr0870	0	1	-1	0	0	0	0	0
slr0871	0	0	0	0	0	0	0	0
slr0872	1	0	0	0	0	0	0	0
slr0875	-1	0	-1	0	0	0	-1	-1
slr0876	0	0	0	0	0	0	0	-1
slr0877	-1	1	0	0	0	-1	0	1
slr0878	0	1	1	0	0	0	0	1
slr0879	-1	1	-1	0	0	0	0	0
slr0880	-1	0	0	0	1	1	0	0
slr0881	0	1	0	0	0	0	0	0
slr0882	-1	1	1	0	0	0	0	0
slr0883	-1	1	0	-1	0	0	0	0
slr0884	-1	1	-1	-1	0	1	0	-1
slr0885	1	-1	1	0	1	0	0	0
slr0886	0	0	-1	0	0	-1	0	-1
slr0887	0	0	0	0	1	0	0	0
slr0888	0	0	-1	0	-1	-1	0	0
slr0889	1	0	1	0	0	-1	0	0
slr0890	1	0	0	0	0	-1	0	0
slr0891	-1	0	-1	0	0	0	0	0
slr0895	0	0	1	0	0	0	0	1
slr0896	0	0	1	0	0	0	0	0
slr0897	0	1	1	0	0	0	0	0
slr0898	0	1	1	0	0	-1	0	0
slr0899	0	0	1	0	0	0	0	0
slr0900	0	0	1	0	0	0	0	0
slr0901	0	0	1	0	0	0	0	0
slr0902	0	0	0	0	0	0	0	0
slr0903	0	0	1	0	0	0	0	0
slr0904	0	0	0	0	0	0	0	0
slr0905	0	0	0	0	0	-1	0	0
slr0906	0	-1	-1	0	-1	0	0	-1
slr0907	-1	0	-1	-1	0	-1	0	-1
slr0909	0	1	-1	-1	0	-1	0	-1
slr0912	0	0	-1	0	0	0	0	-1
slr0913	0	0	-1	0	0	0	0	-1
slr0914	0	0	-1	0	0	0	0	0
slr0915	0	0	0	0	-1	1	1	0
slr0917	0	0	0	0	0	0	0	0
slr0918	0	0	0	1	-1	0	0	0
slr0919	1	0	0	1	1	0	0	0
slr0920	0	0	0	0	0	0	0	0
slr0921	0	0	0	0	0	0	0	0
slr0922	0	0	1	0	0	0	0	0
slr0923	-1	1	0	0	-1	0	1	-1
slr0924	0	0	1	0	0	1	0	0
slr0925	0	-1	-1	0	0	0	0	-1
slr0926	0	-1	-1	0	-1	-1	0	-1
slr0927	0	-1	0	1	0	0	0	0
slr0929	0	0	0	0	0	0	0	0
slr0930	0	1	0	0	0	0	1	0
slr0935	1	0	1	0	0	0	0	0
slr0936	1	0	0	0	0	0	0	0
slr0937	0	1	-1	0	0	0	0	-1
slr0938	0	0	-1	0	0	0	0	1
slr0940	0	0	0	0	0	0	0	-1
slr0941	0	0	0	0	0	0	0	0
slr0942	1	-1	-1	0	0	0	0	0
slr0943	0	-1	0	0	0	0	-1	-1
slr0944	0	-1	0	0	0	0	0	1
slr0945	0	0	0	0	-1	0	0	1
slr0946	1	0	0	0	1	1	0	0
slr0947	0	0	-1	0	-1	1	0	-1
slr0948	0	0	-1	0	1	1	0	0
slr0949	0	0	-1	0	0	0	0	0
slr0950	0	0	0	0	0	0	0	0
slr0951	0	0	0	0	0	0	0	0
slr0952	0	0	1	0	0	0	0	1
slr0953	1	0	1	0	1	0	1	0
slr0954	-1	1	1	0	-1	-1	0	0
slr0955	-1	1	1	0	-1	-1	1	0
slr0957	0	1	1	0	-1	0	0	0
slr0958	0	1	0	0	0	0	0	1
slr0959	0	0	1	0	1	1	0	1
slr0960	0	1	1	0	0	0	0	1
slr0962	0	-1	-1	0	0	0	-1	-1
slr0963	0	1	0	0	0	0	0	1
slr0964	0	1	-1	1	0	0	0	1
slr0965	-1	1	1	0	-1	0	0	0
slr0966	0	0	0	0	0	0	0	0
slr0967	1	0	1	1	1	1	0	1
slr0969	0	1	0	0	0	0	0	0
slr0971	1	1	0	0	0	-1	0	0
slr0974	0	0	1	0	1	1	0	1
slr0975	0	1	1	0	0	0	0	1
slr0976	0	0	-1	0	0	0	0	0
slr0977	0	-1	-1	-1	1	0	0	0
slr0978	1	0	0	0	0	0	0	0
slr0980	1	-1	0	0	0	0	0	0
slr0981	0	-1	0	0	0	0	0	0
slr0982	0	-1	-1	0	1	0	0	-1
slr0983	0	-1	-1	0	0	0	0	0
slr0984	0	-1	-1	0	0	0	0	0
slr0985	1	-1	0	0	1	0	0	0
slr0989	0	0	-1	0	-1	0	0	0
slr0990	0	-1	1	0	1	0	0	0
slr0992	0	0	1	-1	0	0	0	0
slr0993	-1	1	0	0	-1	-1	0	-1
slr0994	0	0	1	0	0	0	0	0
slr1019	0	0	0	1	0	0	0	0
slr1020	-1	-1	-1	0	-1	-1	0	-1
slr1022	-1	1	-1	0	0	0	0	-1
slr1023	0	0	0	0	0	0	0	0
slr1024	0	0	0	0	0	0	0	0
slr1025	0	0	0	0	0	0	0	0
slr1028	0	1	0	0	1	0	0	0
slr1030	-1	1	0	0	1	0	0	0
slr1031	0	1	0	0	0	0	0	-1
slr1032	0	0	1	0	0	0	0	0
slr1033	0	0	1	0	0	0	0	0
slr1034	0	-1	0	0	0	0	0	0
slr1035	0	-1	-1	0	0	0	0	0
slr1037	0	1	1	0	0	0	0	0
slr1039	-1	0	0	0	0	0	0	1
slr1041	1	0	0	0	0	0	0	0
slr1042	0	1	0	0	0	0	0	0
slr1043	0	1	-1	0	0	0	0	0
slr1044	0	0	-1	0	-1	0	0	0
slr1045	0	0	-1	0	0	0	0	1
slr1046	0	0	-1	0	0	1	0	-1
slr1047	1	0	0	0	0	0	0	0
slr1048	1	-1	0	0	0	0	0	0
slr1050	0	1	1	0	0	0	1	1
slr1051	-1	0	-1	0	0	0	0	0
slr1052	0	0	-1	0	0	0	0	0
slr1053	0	0	-1	0	0	0	0	0
slr1055	-1	-1	-1	0	0	-1	0	-1
slr1056	0	0	0	0	0	0	-1	0
slr1062	1	-1	-1	0	0	0	0	0
slr1063	0	-1	-1	0	0	0	0	0
slr1064	0	-1	-1	0	0	0	0	-1
slr1065	0	-1	-1	0	0	0	0	0
slr1066	0	-1	-1	0	0	1	0	0
slr1067	0	-1	-1	-1	-1	0	0	0
slr1068	0	-1	0	0	0	0	0	0
slr1069	0	0	0	0	0	0	0	0
slr1070	0	-1	0	0	0	1	0	0
slr1071	0	-1	0	0	0	0	0	0
slr1072	0	-1	-1	0	1	0	0	0
slr1073	-1	-1	0	0	0	0	0	0
slr1074	0	-1	0	0	0	0	0	0
slr1075	0	0	0	0	0	1	0	0
slr1076	0	0	-1	0	0	0	0	0
slr1077	0	-1	0	0	0	0	0	0
slr1078	0	-1	1	0	0	0	0	1
slr1079	0	-1	1	0	-1	0	0	0
slr1081	0	-1	0	0	0	1	0	0
slr1082	0	-1	0	0	1	0	0	0
slr1083	0	0	-1	0	0	0	0	-1
slr1084	0	-1	0	0	0	0	0	0
slr1085	0	-1	0	0	0	0	0	0
slr1087	0	-1	-1	-1	-1	1	0	0
slr1090	1	-1	0	1	1	0	0	0
slr1093	0	1	0	0	1	0	0	0
slr1094	0	0	0	0	0	0	0	1
slr1095	1	0	1	0	0	0	0	0
slr1096	-1	0	-1	0	0	-1	0	-1
slr1097	-1	0	-1	0	-1	-1	-1	0
slr1098	-1	0	0	0	0	0	0	0
slr1099	0	0	0	1	0	0	0	1
slr1100	0	-1	1	0	1	1	0	1
slr1101	1	0	1	0	1	0	0	0
slr1102	0	0	0	0	0	0	0	-1
slr1103	1	-1	-1	0	0	0	0	-1
slr1104	1	0	-1	0	0	0	0	0
slr1105	0	-1	1	0	0	0	1	1
slr1106	-1	-1	1	0	1	0	0	0
slr1107	1	-1	0	0	0	0	0	0
slr1109	-1	-1	-1	0	0	0	0	0
slr1110	-1	-1	-1	0	1	1	0	0
slr1113	0	-1	1	0	-1	0	0	1
slr1114	0	-1	-1	0	0	1	0	0
slr1115	0	-1	0	0	-1	1	0	-1
slr1116	1	-1	1	0	0	0	-1	-1
slr1117	0	-1	1	0	0	0	0	-1
slr1118	0	0	0	0	0	0	0	0
slr1119	0	1	1	0	1	1	0	0
slr1120	1	-1	1	0	0	0	0	1
slr1122	0	0	0	0	0	0	0	0
slr1123	0	0	0	0	0	0	0	0
slr1124	0	0	-1	0	0	0	-1	0
slr1125	-1	0	-1	0	0	0	0	0
slr1127	0	0	1	0	-1	0	0	0
slr1128	0	-1	1	0	1	1	-1	-1
slr1129	0	-1	1	0	0	1	0	1
slr1130	0	-1	1	0	-1	0	0	1
slr1133	-1	0	-1	0	1	0	0	0
slr1134	0	-1	-1	0	0	0	0	0
slr1135	0	0	0	-1	0	0	0	0
slr1136	-1	0	-1	1	-1	1	0	-1
slr1137	0	0	-1	0	-1	1	0	-1
slr1138	-1	1	0	0	-1	0	0	-1
slr1139	0	0	0	0	0	-1	1	0
slr1140	0	0	0	0	0	0	0	1
slr1142	0	0	0	-1	-1	0	0	-1
slr1143	0	0	0	0	0	0	0	0
slr1145	0	1	1	0	0	0	0	1
slr1147	0	0	1	0	0	0	0	1
slr1148	0	0	0	1	0	0	0	0
slr1149	-1	1	0	0	-1	0	0	0
slr1150	0	0	1	0	0	0	0	1
slr1152	0	-1	-1	0	-1	0	0	0
slr1159	0	0	0	0	-1	0	0	0
slr1160	0	1	0	0	0	0	0	0
slr1161	-1	0	-1	0	0	-1	0	0
slr1162	-1	0	-1	0	0	0	0	0
slr1163	0	0	0	1	0	0	0	1
slr1164	-1	-1	-1	0	0	-1	0	-1
slr1165	-1	0	-1	0	0	-1	0	-1
slr1166	0	0	-1	0	1	0	0	0
slr1167	1	0	0	0	1	0	-1	-1
slr1168	0	0	0	0	0	0	0	-1
slr1169	0	0	0	1	0	0	0	-1
slr1170	0	0	1	0	0	0	0	0
slr1171	0	1	-1	0	0	0	0	-1
slr1173	-1	0	-1	-1	-1	-1	0	-1
slr1174	0	1	1	0	0	0	0	1
slr1176	-1	-1	-1	0	-1	-1	-1	-1
slr1177	-1	0	0	0	0	0	0	-1
slr1178	-1	1	0	0	0	0	0	0
slr1179	-1	1	0	0	1	0	0	0
slr1181	1	-1	0	0	0	1	0	0
slr1182	0	0	0	0	0	0	0	0
slr1183	1	0	0	0	0	0	0	0
slr1184	0	0	0	-1	0	0	0	0
slr1185	0	-1	1	0	0	0	0	0
slr1186	0	0	0	0	0	0	0	-1
slr1187	0	0	-1	0	0	-1	0	0
slr1188	0	1	0	0	0	0	-1	0
slr1189	0	1	1	0	0	0	0	1
slr1192	0	0	1	1	1	1	0	1
slr1194	1	0	0	0	0	0	0	0
slr1195	0	0	0	0	0	0	0	0
slr1196	-1	0	0	0	0	0	0	-1
slr1197	0	0	1	0	1	0	0	1
slr1198	-1	0	-1	0	-1	-1	-1	-1
slr1199	0	0	0	0	0	0	0	1
slr1200	-1	1	1	-1	0	0	0	0
slr1201	0	1	1	-1	0	0	0	0
slr1202	-1	1	1	0	0	0	0	0
slr1203	0	1	1	0	1	1	0	0
slr1204	1	1	1	0	1	1	0	1
slr1205	0	1	1	0	1	1	0	1
slr1206	0	0	1	0	1	0	0	1
slr1207	1	1	1	0	0	0	0	1
slr1208	1	-1	0	0	0	0	0	-1
slr1209	0	-1	0	0	0	1	0	0
slr1210	0	0	0	0	1	0	0	0
slr1211	0	0	0	0	0	0	0	0
slr1212	0	0	0	0	-1	0	0	0
slr1213	0	0	-1	0	0	1	0	0
slr1214	1	-1	0	0	-1	1	0	0
slr1215	0	-1	1	0	0	1	0	1
slr1216	0	0	0	0	0	0	0	0
slr1218	-1	1	-1	0	0	-1	0	0
slr1219	1	0	0	0	0	0	0	0
slr1220	1	1	1	0	0	0	0	0
slr1222	0	0	1	0	0	0	0	0
slr1223	0	0	0	0	0	0	0	0
slr1224	0	1	0	0	-1	-1	0	0
slr1225	-1	0	0	0	1	0	0	1
slr1226	-1	0	0	0	1	0	0	0
slr1227	0	1	-1	0	0	0	0	0
slr1228	0	-1	0	0	0	-1	0	1
slr1229	0	0	1	0	0	0	0	1
slr1230	0	-1	1	0	1	0	0	1
slr1232	1	-1	0	0	0	-1	0	0
slr1233	0	-1	-1	0	0	0	0	0
slr1234	0	0	0	0	0	0	0	0
slr1235	0	0	1	0	0	1	1	0
slr1236	0	0	1	-1	0	1	0	1
slr1237	0	0	-1	0	-1	-1	0	0
slr1238	0	1	0	0	0	0	1	1
slr1239	-1	0	-1	0	-1	-1	0	-1
slr1240	-1	0	-1	0	-1	-1	0	-1
slr1241	-1	1	-1	0	0	0	0	0
slr1243	0	-1	-1	0	0	0	0	0
slr1245	0	0	-1	0	-1	0	0	0
slr1246	0	0	0	1	0	0	0	1
slr1247	0	0	-1	0	0	0	0	0
slr1248	0	0	0	0	0	0	0	0
slr1249	1	0	-1	0	0	0	0	0
slr1250	0	0	0	0	0	0	0	0
slr1251	-1	0	0	0	1	0	0	0
slr1253	0	-1	0	0	0	0	0	0
slr1254	1	-1	1	0	0	1	0	0
slr1255	0	0	0	0	0	0	1	-1
slr1256	0	1	0	0	-1	0	0	0
slr1257	1	0	0	-1	-1	0	0	0
slr1258	1	-1	1	0	0	0	0	1
slr1259	1	-1	1	0	0	0	0	1
slr1260	0	-1	0	0	0	0	0	1
slr1261	1	-1	0	0	0	1	0	0
slr1262	1	0	1	0	0	0	0	0
slr1263	-1	1	-1	0	0	0	0	-1
slr1265	0	1	0	0	-1	0	0	0
slr1266	0	1	-1	0	0	0	0	0
slr1267	-1	1	0	0	-1	-1	0	0
slr1269	0	1	-1	0	0	-1	0	0
slr1270	0	1	0	0	0	0	0	-1
slr1271	0	1	0	0	0	0	0	0
slr1272	0	1	-1	0	0	0	0	-1
slr1273	0	1	-1	1	-1	0	0	0
slr1274	-1	1	-1	0	1	1	0	0
slr1275	0	1	-1	0	0	-1	0	-1
slr1276	0	1	-1	0	1	0	0	-1
slr1277	-1	1	-1	0	-1	-1	-1	0
slr1278	0	-1	0	0	0	0	0	0
slr1279	1	0	0	0	0	0	0	-1
slr1280	0	0	-1	0	0	0	0	-1
slr1281	1	0	-1	0	1	0	0	0
slr1282	0	0	0	0	0	0	0	0
slr1283	0	0	0	0	0	0	0	0
slr1285	0	0	1	0	0	0	0	1
slr1287	0	0	0	0	0	0	0	1
slr1288	1	0	0	0	0	0	0	0
slr1289	1	1	0	0	1	0	-1	0
slr1290	1	0	0	0	0	0	0	0
slr1291	1	0	0	0	-1	1	1	0
slr1293	0	0	1	0	0	1	0	0
slr1295	-1	-1	0	0	0	0	0	1
slr1298	0	0	-1	0	0	0	0	0
slr1299	0	0	0	0	-1	0	0	0
slr1300	1	1	1	0	0	0	0	0
slr1301	1	0	-1	0	0	0	0	-1
slr1302	-1	-1	-1	0	0	0	0	-1
slr1303	-1	-1	0	0	0	0	0	1
slr1305	0	-1	0	0	0	0	0	0
slr1306	0	-1	-1	0	0	0	0	-1
slr1307	0	0	1	0	0	0	0	0
slr1311	0	0	1	1	0	0	0	1
slr1312	0	0	-1	0	0	0	0	0
slr1315	0	-1	1	1	0	0	0	0
slr1316	0	0	0	0	0	-1	0	0
slr1317	0	0	0	0	0	0	0	0
slr1318	0	0	1	-1	0	1	0	0
slr1319	0	0	1	0	0	1	0	0
slr1322	1	1	0	0	0	1	0	0
slr1324	0	0	0	0	0	0	0	0
slr1325	0	-1	-1	0	1	1	0	0
slr1327	0	-1	1	0	0	0	0	0
slr1329	-1	0	0	0	0	0	0	-1
slr1330	-1	0	0	0	0	0	0	-1
slr1331	-1	1	0	0	1	0	0	0
slr1332	0	1	1	0	0	0	0	1
slr1334	0	1	0	0	1	0	0	0
slr1336	0	1	0	0	1	0	0	0
slr1338	0	-1	-1	0	0	0	0	0
slr1339	0	-1	0	0	0	0	0	0
slr1340	0	-1	0	0	0	0	0	0
slr1342	-1	1	-1	0	0	0	0	-1
slr1343	-1	-1	-1	0	0	0	0	0
slr1344	0	0	0	0	0	0	0	-1
slr1347	0	1	-1	0	0	0	0	0
slr1348	0	0	0	1	0	0	0	0
slr1349	0	1	-1	0	-1	0	0	0
slr1350	-1	0	-1	0	0	0	1	0
slr1351	0	0	0	0	0	0	0	1
slr1353	0	1	1	0	0	0	0	0
slr1356	-1	0	-1	0	0	0	0	0
slr1357	0	0	0	0	0	1	0	0
slr1362	0	1	1	0	0	0	0	1
slr1363	-1	1	-1	0	0	0	0	0
slr1364	-1	0	-1	0	0	-1	0	0
slr1365	0	0	0	0	0	0	0	1
slr1366	0	1	0	0	0	0	0	1
slr1367	-1	1	0	-1	0	-1	0	0
slr1368	0	1	1	-1	0	-1	0	0
slr1369	0	-1	-1	0	-1	0	0	0
slr1376	0	0	1	0	0	0	0	0
slr1377	1	0	1	0	1	1	0	0
slr1378	0	-1	1	0	0	0	0	0
slr1379	0	1	0	0	0	-1	0	-1
slr1380	0	1	0	0	0	0	0	0
slr1383	1	0	0	0	0	0	0	0
slr1384	1	0	1	0	0	0	0	1
slr1385	0	0	-1	0	0	0	0	0
slr1390	1	1	1	0	0	1	0	0
slr1391	0	1	0	0	0	0	0	0
slr1392	0	0	1	1	0	1	0	1
slr1393	1	0	0	0	0	0	0	0
slr1394	-1	0	0	0	0	0	0	1
slr1395	0	0	0	0	0	0	0	0
slr1396	0	0	0	0	0	0	0	1
slr1397	1	-1	0	0	0	0	0	1
slr1398	1	0	1	0	0	0	0	1
slr1400	1	0	0	0	0	0	0	0
slr1403	0	0	0	0	0	-1	0	1
slr1406	0	0	-1	0	0	0	0	0
slr1407	0	-1	-1	0	0	0	0	-1
slr1409	1	-1	-1	0	0	0	0	0
slr1410	1	0	-1	0	0	0	0	0
slr1411	0	0	0	0	0	0	0	1
slr1413	0	0	1	1	1	1	0	1
slr1414	0	0	1	0	0	0	0	0
slr1415	0	0	0	0	0	0	0	0
slr1416	-1	0	-1	1	0	0	0	0
slr1417	1	0	1	0	1	1	0	0
slr1418	0	1	1	0	-1	0	0	0
slr1419	0	1	1	0	0	0	0	0
slr1420	0	0	0	1	0	0	1	0
slr1421	1	0	1	0	0	0	0	0
slr1423	-1	1	-1	0	0	-1	0	0
slr1424	0	1	-1	1	0	0	0	0
slr1425	-1	0	1	0	0	0	0	0
slr1426	0	-1	0	0	0	0	0	0
slr1428	0	0	0	0	0	0	0	0
slr1429	0	1	1	0	0	1	0	0
slr1431	-1	-1	0	0	0	0	0	0
slr1434	-1	1	-1	-1	0	0	0	0
slr1435	-1	-1	-1	0	0	-1	0	0
slr1436	-1	0	1	0	0	0	1	0
slr1437	0	-1	-1	0	1	-1	0	0
slr1438	-1	0	-1	0	-1	0	0	0
slr1440	1	1	0	0	0	0	0	0
slr1441	0	0	0	0	0	0	0	0
slr1442	1	0	-1	0	-1	0	0	0
slr1443	0	1	0	0	0	0	0	0
slr1444	1	-1	-1	0	0	0	0	0
slr1448	0	0	0	0	0	0	0	0
slr1449	0	-1	0	0	-1	0	0	0
slr1450	0	0	0	0	0	0	0	0
slr1451	0	0	0	0	0	0	0	0
slr1452	0	0	-1	0	0	1	0	0
slr1453	0	0	0	0	0	0	0	0
slr1454	0	-1	-1	0	0	0	0	0
slr1455	0	0	0	0	0	0	0	0
slr1456	1	1	0	0	1	1	0	0
slr1457	0	1	0	0	0	0	0	1
slr1459	-1	-1	-1	0	-1	-1	-1	-1
slr1461	0	0	0	0	0	0	0	0
slr1462	0	1	0	0	1	1	0	0
slr1463	0	-1	0	0	0	0	0	-1
slr1464	0	1	0	0	0	0	0	0
slr1467	0	-1	0	0	0	0	0	0
slr1468	0	0	0	0	0	1	0	0
slr1469	0	1	1	0	1	0	0	0
slr1470	0	-1	0	0	0	0	0	-1
slr1471	0	-1	0	0	0	0	0	-1
slr1472	0	0	1	0	0	0	0	-1
slr1474	0	1	1	0	0	0	0	0
slr1475	1	0	0	0	0	0	0	0
slr1476	-1	1	0	0	0	1	0	0
slr1478	0	1	0	0	0	0	0	0
slr1484	0	0	1	0	0	1	-1	0
slr1485	0	1	1	0	0	1	0	0
slr1488	0	0	0	0	0	0	0	0
slr1489	1	-1	0	0	0	0	0	0
slr1490	0	0	0	0	0	-1	0	0
slr1491	0	0	-1	0	0	0	0	-1
slr1492	0	0	0	0	0	1	0	0
slr1493	1	-1	0	0	0	0	0	0
slr1494	0	0	0	0	0	0	0	0
slr1495	0	0	0	0	-1	0	0	1
slr1496	0	0	0	0	0	0	0	0
slr1498	0	1	1	0	0	0	1	1
slr1501	0	-1	1	-1	0	1	-1	1
slr1503	0	0	0	0	0	0	0	1
slr1505	1	-1	-1	0	0	0	0	-1
slr1506	-1	-1	-1	0	0	0	0	-1
slr1507	-1	0	-1	0	0	0	0	-1
slr1508	-1	0	-1	0	0	1	0	0
slr1509	0	0	-1	0	0	1	0	-1
slr1510	0	0	0	-1	1	0	0	0
slr1511	0	0	-1	0	0	0	0	0
slr1512	0	-1	-1	0	0	0	0	-1
slr1513	0	0	0	0	0	0	0	0
slr1515	0	1	0	0	0	0	0	0
slr1516	0	0	1	0	1	1	0	1
slr1517	0	1	0	0	1	0	0	0
slr1518	0	1	-1	0	0	0	0	0
slr1519	0	1	1	0	0	0	0	1
slr1520	0	1	1	1	0	0	0	1
slr1521	0	0	1	0	1	0	0	0
slr1522	0	0	0	0	1	1	0	0
slr1523	1	0	0	0	1	0	0	0
slr1524	0	0	0	0	0	1	0	0
slr1529	0	0	0	0	0	0	0	0
slr1530	0	0	-1	0	0	0	0	0
slr1531	0	0	0	0	0	0	0	0
slr1533	0	0	0	0	0	0	0	0
slr1534	0	0	0	0	0	0	0	0
slr1535	0	1	-1	0	0	-1	0	0
slr1536	0	0	0	0	0	1	0	1
slr1537	0	0	-1	0	0	0	0	0
slr1538	0	1	0	0	0	0	0	0
slr1540	-1	-1	-1	0	0	0	0	0
slr1541	-1	-1	0	0	0	0	0	0
slr1542	0	-1	0	0	0	0	0	0
slr1543	0	1	0	0	0	0	0	-1
slr1544	1	-1	1	0	1	1	0	1
slr1545	0	1	-1	0	0	0	0	-1
slr1546	0	1	0	-1	-1	0	0	0
slr1547	0	1	1	0	0	0	0	1
slr1549	1	0	1	0	0	0	0	1
slr1550	0	0	0	0	0	-1	0	0
slr1552	0	0	0	0	0	0	0	0
slr1556	1	-1	0	0	0	0	0	0
slr1557	0	-1	0	0	1	0	0	0
slr1559	0	1	0	0	0	0	0	-1
slr1560	0	1	-1	1	0	0	0	-1
slr1562	1	-1	0	0	0	0	0	0
slr1563	0	-1	0	0	0	0	0	0
slr1564	0	-1	-1	0	0	-1	0	-1
slr1565	-1	1	0	0	0	0	0	0
slr1566	0	1	1	0	0	0	0	1
slr1567	0	0	0	0	0	0	0	0
slr1568	0	0	0	0	0	0	0	0
slr1570	0	0	-1	0	0	0	0	-1
slr1571	0	0	-1	0	0	0	0	0
slr1572	0	0	0	-1	-1	0	0	0
slr1573	-1	1	0	1	0	0	1	0
slr1575	1	0	1	0	0	0	0	0
slr1576	-1	0	0	0	0	0	0	0
slr1577	0	0	0	0	0	0	0	0
slr1579	-1	-1	-1	0	0	-1	0	0
slr1583	0	-1	0	0	-1	0	0	-1
slr1584	0	-1	-1	0	0	-1	0	0
slr1585	0	0	0	0	0	0	0	0
slr1586	0	0	0	0	0	0	0	0
slr1588	0	1	1	0	0	0	0	0
slr1590	0	-1	0	0	0	0	0	0
slr1591	0	-1	0	0	-1	0	0	1
slr1592	1	-1	1	0	0	0	0	0
slr1593	0	-1	1	0	0	0	0	0
slr1594	0	0	1	0	0	1	0	0
slr1595	0	-1	0	0	0	0	0	0
slr1596	0	0	0	0	0	0	0	0
slr1597	-1	1	1	0	1	1	0	1
slr1598	0	1	0	-1	1	0	0	0
slr1599	0	0	0	0	0	0	0	1
slr1600	-1	0	-1	0	0	0	0	0
slr1601	0	1	-1	0	0	0	0	-1
slr1603	1	0	1	0	1	1	0	1
slr1604	1	-1	1	1	1	1	0	1
slr1608	0	-1	1	0	0	0	0	1
slr1609	0	0	0	-1	0	0	0	-1
slr1610	1	-1	-1	-1	0	0	0	0
slr1611	1	0	1	0	1	0	0	0
slr1612	0	0	0	0	0	0	0	0
slr1613	0	-1	0	0	0	0	0	0
slr1614	0	-1	0	0	0	0	0	-1
slr1615	0	-1	0	0	0	0	0	-1
slr1616	1	-1	0	0	1	1	0	0
slr1617	0	-1	0	0	0	0	0	-1
slr1618	0	-1	0	0	0	0	0	-1
slr1619	0	-1	-1	0	0	0	0	0
slr1622	-1	0	-1	0	-1	0	0	-1
slr1623	-1	1	-1	0	0	1	-1	-1
slr1624	0	0	0	0	0	-1	0	0
slr1626	-1	1	0	0	-1	0	0	0
slr1627	0	0	1	0	0	0	0	1
slr1628	0	0	0	0	0	0	0	-1
slr1629	0	-1	-1	0	0	0	0	0
slr1634	0	-1	-1	0	0	-1	-1	0
slr1635	0	0	0	0	0	0	0	0
slr1636	0	0	1	0	-1	-1	0	0
slr1638	1	1	1	1	1	1	0	1
slr1639	1	1	0	1	1	1	0	1
slr1641	0	0	1	0	1	0	0	1
slr1643	-1	-1	0	0	0	-1	-1	0
slr1644	0	1	0	-1	1	0	-1	0
slr1645	-1	0	0	0	0	0	0	0
slr1646	0	0	0	0	0	0	1	0
slr1647	0	0	1	0	0	0	0	1
slr1648	0	1	0	0	0	0	0	0
slr1649	0	0	0	0	0	0	0	-1
slr1651	0	0	0	0	0	0	0	0
slr1652	0	0	0	0	-1	0	0	1
slr1653	1	0	-1	0	0	0	0	0
slr1655	-1	0	-1	-1	0	0	0	0
slr1656	-1	1	-1	0	1	0	0	-1
slr1657	0	1	0	0	0	0	0	-1
slr1658	-1	1	-1	0	0	0	0	-1
slr1659	0	1	0	0	0	0	0	0
slr1660	0	1	-1	0	0	0	0	0
slr1661	0	0	-1	0	0	0	0	0
slr1664	1	-1	-1	0	0	0	0	0
slr1665	0	-1	-1	0	0	0	0	0
slr1666	-1	-1	-1	0	0	0	0	0
slr1667	1	0	0	0	0	0	0	0
slr1668	1	0	-1	0	0	0	0	-1
slr1670	0	1	0	0	0	0	-1	0
slr1672	1	1	0	0	0	-1	0	0
slr1673	0	1	0	0	0	-1	0	0
slr1674	0	1	0	0	1	1	0	0
slr1675	0	1	1	0	1	1	0	0
slr1676	1	1	-1	0	1	1	0	0
slr1677	0	1	1	0	1	0	1	0
slr1678	0	0	1	0	-1	-1	1	0
slr1679	0	0	1	0	1	0	0	0
slr1681	1	0	-1	0	0	0	0	0
slr1682	0	0	0	0	0	0	0	0
slr1683	0	0	0	0	0	0	0	0
slr1684	0	0	0	0	0	0	0	0
slr1686	0	1	1	0	1	1	0	1
slr1687	1	-1	1	0	1	1	0	1
slr1689	0	0	-1	0	1	-1	0	0
slr1690	0	0	0	0	0	0	0	0
slr1691	-1	-1	-1	0	0	0	0	-1
slr1692	0	-1	0	1	0	0	1	-1
slr1693	1	-1	-1	1	0	0	0	-1
slr1694	0	-1	-1	1	0	0	0	-1
slr1697	0	1	0	0	1	0	0	1
slr1699	1	-1	0	0	0	0	0	0
slr1702	0	0	0	0	0	0	0	-1
slr1703	0	1	0	0	1	0	0	0
slr1704	0	0	0	0	1	1	0	1
slr1705	1	-1	0	0	0	0	0	0
slr1706	1	0	0	0	1	0	0	1
slr1708	-1	1	-1	0	-1	-1	0	-1
slr1710	-1	1	0	0	0	0	0	0
slr1712	0	0	0	0	0	0	0	0
slr1715	0	0	0	0	0	1	0	0
slr1716	0	0	0	0	1	1	0	0
slr1717	0	-1	1	0	0	0	0	0
slr1718	-1	1	-1	0	0	0	0	-1
slr1719	-1	1	-1	0	0	0	0	-1
slr1720	-1	0	0	0	0	-1	0	-1
slr1721	0	0	-1	0	0	0	0	0
slr1722	-1	0	0	0	0	0	0	1
slr1723	-1	1	0	0	0	0	0	0
slr1724	0	-1	-1	0	0	0	0	-1
slr1726	0	-1	0	0	0	0	0	1
slr1727	-1	0	-1	-1	0	0	0	0
slr1728	0	0	-1	0	1	0	0	0
slr1729	0	-1	-1	0	0	0	0	0
slr1730	0	-1	0	0	0	0	0	0
slr1731	0	0	0	0	0	0	0	0
slr1732	0	0	0	-1	1	1	1	0
slr1734	0	0	-1	0	0	0	-1	0
slr1735	0	0	0	0	0	0	0	0
slr1736	0	0	-1	0	0	0	0	-1
slr1737	0	0	0	0	0	1	0	1
slr1738	0	1	1	0	1	1	0	1
slr1739	1	0	1	0	1	0	0	1
slr1740	1	0	0	0	1	1	0	0
slr1742	0	0	0	0	0	0	0	0
slr1743	0	1	1	0	0	1	1	0
slr1744	-1	1	-1	0	1	0	0	-1
slr1746	-1	1	-1	-1	-1	0	-1	-1
slr1747	0	1	1	0	0	1	0	0
slr1748	0	0	1	0	0	0	0	1
slr1751	1	-1	1	0	0	0	-1	1
slr1752	0	-1	1	0	0	0	-1	1
slr1753	1	0	-1	0	0	0	0	0
slr1755	0	1	0	-1	0	0	0	0
slr1756	-1	1	0	0	0	-1	-1	0
slr1759	0	0	0	0	0	0	0	0
slr1760	0	0	0	0	0	-1	0	1
slr1761	0	0	-1	0	0	-1	0	-1
slr1762	0	0	0	0	0	0	0	0
slr1763	-1	0	0	0	0	0	0	-1
slr1764	0	0	0	0	0	0	0	0
slr1767	1	0	1	0	0	1	0	0
slr1768	0	-1	0	0	0	0	0	0
slr1770	1	1	0	0	0	-1	0	0
slr1771	0	0	1	0	0	-1	0	1
slr1772	0	0	-1	0	0	0	0	1
slr1773	0	-1	0	0	0	0	0	0
slr1774	0	0	0	0	-1	0	0	0
slr1776	0	-1	-1	0	0	0	0	0
slr1777	0	0	0	0	0	0	0	0
slr1778	0	0	0	0	0	0	0	0
slr1779	-1	0	-1	0	0	0	0	-1
slr1780	0	0	-1	0	0	0	0	0
slr1783	-1	0	0	0	0	0	-1	0
slr1784	0	0	-1	0	0	0	0	0
slr1787	0	0	0	0	0	0	0	0
slr1788	0	-1	-1	0	0	-1	0	0
slr1789	1	0	-1	0	0	0	0	0
slr1790	0	1	0	0	0	0	0	0
slr1791	0	1	0	0	0	0	0	0
slr1793	0	-1	-1	-1	-1	0	0	-1
slr1794	0	0	0	0	0	0	0	-1
slr1795	0	-1	0	0	-1	0	0	0
slr1796	0	0	0	0	0	-1	0	-1
slr1798	0	0	-1	0	0	0	0	0
slr1799	0	1	0	0	1	0	0	0
slr1800	0	1	1	0	0	0	0	0
slr1803	0	0	1	0	0	0	0	0
slr1804	1	0	0	0	0	0	0	0
slr1805	1	1	1	0	1	0	0	1
slr1807	0	0	0	0	0	0	0	0
slr1808	-1	-1	-1	0	0	-1	0	-1
slr1809	1	1	1	0	0	0	0	1
slr1811	0	0	1	0	0	0	-1	0
slr1812	1	0	1	0	0	0	-1	0
slr1813	0	0	1	0	0	0	-1	0
slr1814	1	0	1	0	0	0	0	0
slr1815	0	-1	0	0	0	0	0	-1
slr1816	0	-1	0	0	1	0	0	-1
slr1818	0	0	1	0	0	0	0	0
slr1819	0	1	0	0	0	0	0	0
slr1820	0	1	0	0	0	0	0	0
slr1821	0	0	0	0	0	0	0	0
slr1822	0	1	0	0	-1	0	0	1
slr1826	-1	1	0	0	1	0	0	0
slr1827	0	1	1	0	0	0	0	1
slr1828	0	0	0	0	0	-1	0	-1
slr1829	0	-1	0	0	0	1	0	-1
slr1830	1	-1	0	0	-1	0	-1	0
slr1834	-1	1	-1	-1	-1	0	0	0
slr1835	-1	1	-1	-1	0	0	0	0
slr1837	1	1	0	0	0	-1	0	0
slr1838	-1	1	-1	0	0	0	0	0
slr1839	0	1	-1	0	0	0	0	-1
slr1840	0	0	0	0	1	0	0	0
slr1841	0	1	-1	0	0	0	-1	-1
slr1842	0	-1	-1	0	0	0	-1	-1
slr1843	0	-1	-1	0	0	0	0	-1
slr1844	0	0	0	0	0	0	0	0
slr1846	0	0	0	0	0	1	0	0
slr1847	0	0	1	0	1	0	0	-1
slr1848	0	0	0	0	0	0	0	0
slr1849	0	1	1	0	0	0	0	0
slr1851	1	-1	0	0	-1	0	0	0
slr1852	-1	-1	-1	0	0	0	-1	-1
slr1853	-1	-1	-1	0	-1	0	-1	0
slr1854	-1	-1	-1	-1	0	-1	-1	-1
slr1855	-1	0	-1	-1	0	-1	-1	-1
slr1856	-1	0	-1	0	0	-1	-1	-1
slr1857	-1	0	-1	0	0	-1	0	0
slr1859	-1	0	-1	0	0	0	0	0
slr1860	-1	0	-1	0	0	0	0	0
slr1861	0	0	-1	0	0	0	0	0
slr1862	0	0	-1	0	0	0	0	0
slr1863	0	0	-1	0	0	0	0	-1
slr1864	0	0	-1	0	0	0	0	0
slr1865	0	0	0	0	0	0	0	0
slr1866	0	0	0	0	0	0	0	0
slr1867	-1	-1	-1	0	0	0	0	0
slr1869	0	-1	-1	0	0	1	0	0
slr1870	0	-1	0	0	0	0	0	0
slr1871	0	0	1	0	0	0	0	1
slr1874	0	1	-1	0	0	0	0	0
slr1875	0	1	0	0	1	0	1	0
slr1876	0	0	-1	0	-1	-1	0	0
slr1877	-1	1	0	0	-1	0	0	1
slr1878	0	1	0	0	0	0	0	0
slr1879	0	0	1	0	0	0	0	0
slr1880	0	0	-1	0	0	0	0	0
slr1881	0	0	0	0	0	0	0	0
slr1882	1	0	1	0	1	0	0	1
slr1884	0	0	1	0	1	0	0	-1
slr1885	0	0	1	0	0	0	0	1
slr1886	1	0	1	0	0	0	0	1
slr1887	-1	1	0	0	0	-1	0	-1
slr1888	0	0	1	0	0	0	0	0
slr1890	0	-1	-1	0	1	0	0	-1
slr1894	0	0	1	0	0	1	0	1
slr1895	0	1	1	0	0	1	0	1
slr1896	-1	1	-1	0	0	0	0	0
slr1897	0	1	1	0	0	0	0	0
slr1898	0	1	1	-1	1	0	0	-1
slr1899	0	1	0	-1	0	0	1	0
slr1900	0	0	0	0	0	0	0	0
slr1901	0	0	1	1	1	0	0	-1
slr1902	0	0	1	1	0	0	0	0
slr1903	0	0	1	0	0	0	0	0
slr1906	0	0	-1	0	0	0	0	0
slr1907	0	0	0	0	0	0	0	0
slr1908	0	1	-1	1	0	1	0	0
slr1909	-1	-1	-1	0	0	0	0	0
slr1910	0	-1	-1	0	0	0	0	0
slr1911	0	0	-1	0	0	0	0	0
slr1912	0	1	0	-1	0	0	0	0
slr1913	0	0	-1	0	0	0	0	0
slr1914	0	1	0	0	0	0	0	0
slr1915	0	0	1	0	0	1	0	1
slr1916	0	0	1	1	1	1	0	1
slr1917	1	-1	0	0	0	0	0	1
slr1918	1	0	0	0	-1	0	0	0
slr1919	0	1	1	0	1	1	0	0
slr1920	0	1	0	0	0	-1	0	0
slr1923	0	0	0	0	0	0	0	0
slr1924	0	0	0	0	0	0	0	-1
slr1925	0	0	0	0	0	0	0	1
slr1926	0	0	1	0	0	0	1	0
slr1927	0	1	1	0	-1	0	1	0
slr1928	1	1	0	0	0	0	0	-1
slr1929	1	1	0	0	-1	-1	0	0
slr1930	1	1	1	0	0	0	0	0
slr1931	1	0	0	0	-1	0	-1	1
slr1932	1	0	1	0	-1	-1	0	1
slr1933	0	0	0	0	0	0	0	1
slr1934	-1	0	-1	0	0	0	0	-1
slr1935	-1	-1	0	0	0	0	0	0
slr1936	0	0	0	0	0	0	0	0
slr1937	0	0	0	0	0	0	0	0
slr1938	0	0	0	0	0	0	0	0
slr1939	1	1	0	0	0	0	0	0
slr1940	0	1	-1	0	0	0	0	-1
slr1942	0	0	-1	0	-1	-1	0	0
slr1943	0	0	0	0	0	0	0	0
slr1944	0	-1	0	0	-1	0	0	0
slr1945	-1	0	0	0	0	-1	0	-1
slr1946	0	0	1	0	0	0	1	1
slr1949	0	0	0	0	0	0	0	0
slr1950	0	1	1	0	0	0	0	1
slr1951	1	1	1	0	-1	-1	0	0
slr1956	0	0	0	0	0	0	0	0
slr1957	1	-1	-1	-1	0	-1	0	-1
slr1958	0	0	-1	0	-1	-1	0	0
slr1959	1	0	0	0	0	0	0	0
slr1960	0	0	0	0	0	0	0	0
slr1962	0	-1	0	0	0	0	0	-1
slr1963	-1	1	1	0	1	0	1	1
slr1964	0	0	-1	0	0	0	0	0
slr1966	0	1	-1	0	0	0	0	0
slr1968	1	-1	1	-1	0	0	0	0
slr1969	1	1	0	0	0	0	0	1
slr1970	0	0	0	0	0	0	0	0
slr1971	1	-1	1	0	0	-1	-1	1
slr1972	0	0	0	0	0	0	1	0
slr1974	0	1	1	0	1	0	0	1
slr1975	0	0	0	0	0	0	0	0
slr1977	0	0	0	0	0	0	0	0
slr1978	0	0	-1	0	0	0	0	-1
slr1979	0	0	0	0	0	0	0	-1
slr1980	0	0	0	0	0	0	0	0
slr1982	0	-1	1	0	0	0	0	0
slr1983	0	-1	0	0	0	0	0	0
slr1984	0	1	0	0	1	-1	0	-1
slr1986	-1	0	-1	0	0	-1	0	-1
slr1990	0	-1	1	1	0	0	0	1
slr1991	0	1	1	0	0	0	1	1
slr1992	0	0	-1	0	0	1	0	0
slr1993	-1	1	-1	0	0	0	0	0
slr1994	0	1	0	0	0	0	0	0
slr1998	1	0	0	0	0	0	0	0
slr1999	0	0	1	0	0	0	0	0
slr2000	0	0	1	0	0	0	0	0
slr2001	0	0	-1	0	0	0	0	0
slr2002	-1	0	0	0	0	-1	0	0
slr2003	0	1	0	0	0	0	0	0
slr2004	-1	0	0	-1	0	0	0	0
slr2005	0	0	1	0	0	0	0	0
slr2006	0	0	0	1	0	0	0	0
slr2007	0	0	0	0	0	0	0	0
slr2008	-1	0	0	0	0	0	0	0
slr2009	0	1	-1	1	0	0	1	0
slr2010	0	0	-1	1	0	0	0	0
slr2011	-1	-1	0	0	0	0	0	0
slr2012	0	0	0	0	0	0	0	0
slr2013	0	0	0	0	1	0	0	0
slr2015	0	-1	0	0	-1	1	0	-1
slr2016	0	-1	0	0	-1	0	0	0
slr2017	0	-1	0	0	0	0	0	0
slr2018	0	-1	0	0	0	0	0	0
slr2019	0	0	0	0	-1	0	0	1
slr2023	0	0	0	0	0	0	0	0
slr2024	-1	0	0	0	0	0	0	-1
slr2025	-1	-1	0	0	0	0	0	0
slr2026	1	0	0	0	0	0	0	1
slr2027	0	0	0	0	0	0	0	1
slr2030	0	0	1	0	0	0	0	1
slr2031	1	1	-1	1	0	-1	-1	0
slr2032	0	-1	-1	0	-1	0	-1	-1
slr2033	-1	0	-1	0	-1	0	-1	-1
slr2034	-1	0	-1	0	1	0	-1	-1
slr2035	0	0	0	0	0	0	0	0
slr2036	0	0	0	0	-1	0	0	0
slr2037	0	0	0	0	-1	0	0	0
slr2038	0	0	0	0	-1	-1	0	0
slr2041	0	1	1	0	0	0	0	0
slr2042	0	1	0	0	0	0	0	1
slr2043	0	0	0	-1	0	0	0	0
slr2044	0	-1	0	-1	1	0	0	1
slr2045	0	0	-1	0	0	-1	0	0
slr2046	0	0	0	0	0	0	0	-1
slr2047	1	0	-1	0	0	0	0	-1
slr2048	0	0	1	0	0	-1	0	0
slr2049	0	-1	1	0	0	0	0	-1
slr2051	-1	-1	-1	0	-1	-1	-1	-1
slr2052	0	1	-1	-1	-1	-1	-1	0
slr2053	-1	1	-1	0	1	-1	-1	0
slr2057	-1	0	-1	0	1	0	-1	-1
slr2058	0	0	0	0	0	0	0	0
slr2059	0	0	0	0	1	0	0	0
slr2060	0	1	1	0	0	1	0	0
slr2062	1	-1	0	0	0	0	0	0
slr2067	-1	0	-1	0	0	-1	-1	-1
slr2070	0	0	-1	0	0	0	0	-1
slr2071	1	-1	1	0	0	0	0	1
slr2072	-1	-1	0	0	0	0	0	0
slr2073	-1	1	-1	0	0	0	-1	-1
slr2074	0	0	0	0	0	0	0	0
slr2075	-1	1	1	0	1	1	-1	1
slr2076	0	1	1	0	1	1	-1	1
slr2077	0	1	0	0	0	0	0	0
slr2078	0	0	1	0	0	0	0	0
slr2079	0	0	-1	0	0	0	0	0
slr2080	0	0	0	0	0	0	0	0
slr2081	1	-1	-1	0	1	0	0	0
slr2082	-1	0	-1	0	0	0	0	-1
slr2083	0	-1	-1	0	-1	1	0	0
slr2084	0	-1	0	0	0	1	0	1
slr2087	-1	-1	-1	1	-1	-1	0	0
slr2088	0	0	-1	0	0	0	0	1
slr2089	1	1	1	0	0	0	0	0
slr2092	0	0	1	0	0	0	0	0
slr2094	-1	-1	-1	0	0	-1	0	-1
slr2095	0	0	1	0	-1	0	0	1
slr2096	0	0	1	0	0	0	0	1
slr2097	1	-1	0	0	0	0	0	0
slr2098	1	0	-1	0	0	0	0	-1
slr2099	1	0	0	-1	0	0	0	0
slr2100	1	0	0	0	0	0	0	0
slr2101	0	-1	-1	0	0	0	0	0
slr2102	0	0	0	0	0	0	0	0
slr2103	0	1	0	0	0	0	0	0
slr2104	1	-1	0	0	0	-1	0	0
slr2105	-1	0	0	0	0	0	0	0
slr2107	0	1	0	0	0	0	1	1
slr2108	0	0	-1	0	0	0	0	-1
slr2110	0	0	0	0	0	0	0	0
slr2111	0	0	0	0	0	0	0	0
slr2112	0	0	0	0	0	0	0	0
slr2113	0	0	0	0	0	1	0	0
slr2114	0	0	0	0	0	0	0	0
slr2115	1	0	0	1	0	0	0	0
slr2116	0	0	0	0	0	0	0	0
slr2117	0	0	0	0	0	1	0	0
slr2118	0	0	0	0	0	0	1	0
slr2119	0	-1	0	0	0	0	0	-1
slr2120	0	0	1	0	0	0	1	0
slr2121	0	1	-1	0	0	1	0	-1
slr2122	0	0	0	0	0	0	0	-1
slr2123	0	0	0	0	-1	1	0	-1
slr2124	0	0	0	0	1	0	0	-1
slr2125	0	1	0	0	0	0	1	-1
slr2126	0	0	0	0	0	1	0	0
slr2127	1	0	0	0	0	0	0	0
slr2128	0	-1	1	0	0	0	0	0
slr2130	-1	-1	0	0	0	0	0	0
slr2131	1	-1	1	0	0	1	0	0
slr2132	1	-1	0	0	0	0	0	0
slr2135	-1	1	0	0	0	0	0	0
slr2136	-1	-1	-1	0	0	0	0	0
slr2141	1	1	0	0	0	0	0	0
slr2143	0	0	0	0	0	0	0	0
slr2144	1	0	0	0	1	0	1	-1
sml0001	-1	0	0	0	-1	0	0	0
sml0002	0	0	-1	0	0	0	0	0
sml0003	-1	0	-1	0	0	1	0	0
sml0004	-1	0	-1	0	0	0	0	0
sml0005	-1	0	-1	0	0	0	0	0
sml0006	-1	1	0	0	-1	0	0	0
sml0007	0	0	-1	0	0	0	0	0
sml0008	-1	0	-1	0	0	-1	-1	-1
sml0009	0	0	0	0	0	0	0	0
sml0010	0	0	0	0	0	0	0	0
sml0011	0	-1	0	0	0	0	0	0
sml0012	1	0	0	0	0	0	0	0
sml0013	0	1	0	0	0	0	0	0
smr0001	0	-1	-1	0	0	-1	0	-1
smr0002	0	0	0	0	0	0	0	0
smr0003	-1	0	0	0	0	-1	0	0
smr0004	-1	0	-1	-1	0	-1	0	0
smr0005	-1	0	-1	0	0	0	0	-1
smr0006	-1	-1	-1	0	0	0	0	-1
smr0007	-1	-1	-1	0	0	0	0	0
smr0008	-1	-1	-1	0	0	0	0	0
smr0009	0	0	0	1	0	0	0	0
smr0010	0	1	-1	0	0	-1	0	0
smr0011	-1	1	1	0	0	0	0	0
smr0012	0	0	0	0	0	0	0	0
smr0013	0	0	0	0	0	0	0	0
smr0014	0	1	0	0	0	0	0	0
smr0015	0	1	0	0	0	0	0	0
ssl0020	-1	-1	0	0	-1	-1	0	-1
ssl0090	0	0	0	0	0	0	0	0
ssl0105	0	0	0	0	0	0	0	0
ssl0109	0	0	0	0	0	0	0	0
ssl0172	0	0	0	0	0	0	0	0
ssl0241	1	0	0	0	0	0	0	0
ssl0242	0	1	1	0	0	0	0	0
ssl0258	0	0	0	0	0	0	0	0
ssl0259	0	0	0	0	0	1	0	0
ssl0294	0	0	0	0	0	0	0	0
ssl0296	0	0	0	0	0	1	0	0
ssl0312	0	1	0	0	0	0	0	0
ssl0318	0	0	0	0	0	0	0	0
ssl0323	1	0	0	0	0	0	0	0
ssl0331	0	0	0	0	0	0	0	0
ssl0350	0	1	0	0	0	0	0	0
ssl0352	0	1	0	0	0	0	0	0
ssl0353	0	-1	-1	0	0	0	-1	0
ssl0385	0	-1	0	0	0	0	0	0
ssl0410	0	0	0	0	0	0	0	0
ssl0426	0	0	1	1	0	0	0	0
ssl0431	0	0	0	0	0	0	0	0
ssl0438	0	0	0	0	0	0	0	-1
ssl0452	1	1	1	0	0	1	0	0
ssl0453	1	0	1	0	1	1	0	0
ssl0461	0	0	-1	0	0	0	0	0
ssl0467	0	-1	0	0	0	0	0	0
ssl0483	-1	-1	0	0	0	0	0	0
ssl0511	0	-1	0	0	0	0	0	0
ssl0546	0	1	0	0	0	0	0	0
ssl0563	-1	1	-1	-1	-1	-1	0	-1
ssl0564	0	0	0	0	0	0	0	0
ssl0601	0	1	0	0	0	0	0	0
ssl0606	0	0	0	0	0	0	0	0
ssl0707	-1	1	0	0	0	0	0	-1
ssl0738	0	0	0	0	0	0	0	0
ssl0739	0	0	0	0	0	0	0	0
ssl0750	1	-1	0	1	0	0	0	1
ssl0769	0	0	0	0	0	0	0	0
ssl0787	0	0	0	0	0	0	0	0
ssl0788	0	1	0	0	0	0	0	0
ssl0832	1	0	0	0	0	0	-1	0
ssl0900	0	0	0	0	0	0	0	0
ssl1004	1	0	1	0	0	0	0	1
ssl1045	1	-1	0	0	0	0	0	0
ssl1046	-1	1	0	0	0	-1	0	0
ssl1047	0	0	0	0	0	0	0	0
ssl1255	0	-1	0	0	0	0	0	0
ssl1263	1	-1	-1	0	1	0	0	-1
ssl1277	0	0	0	0	0	0	0	0
ssl1300	0	-1	0	0	-1	0	0	0
ssl1326	0	-1	0	0	0	0	0	1
ssl1328	1	0	0	0	0	0	0	0
ssl1376	0	1	0	0	0	0	0	0
ssl1377	0	1	0	0	0	0	0	0
ssl1378	0	0	1	0	0	0	0	0
ssl1417	-1	1	0	0	-1	0	0	0
ssl1426	-1	1	0	0	0	0	0	-1
ssl1464	0	0	0	0	0	0	0	0
ssl1493	1	1	0	0	0	0	0	0
ssl1498	-1	0	0	-1	0	0	0	-1
ssl1507	0	0	0	0	0	0	0	0
ssl1520	1	1	0	0	0	0	0	0
ssl1533	0	-1	1	0	0	0	0	0
ssl1552	-1	1	0	0	0	0	0	0
ssl1577	0	0	0	0	0	0	0	0
ssl1633	1	-1	1	0	0	1	0	1
ssl1690	0	-1	0	0	0	0	0	0
ssl1707	1	1	1	0	1	0	0	1
ssl1762	1	1	0	0	0	0	0	0
ssl1784	-1	0	0	0	0	0	0	0
ssl1792	0	0	0	0	0	0	0	0
ssl1807	0	0	1	0	0	0	0	0
ssl1911	0	-1	0	0	0	1	0	0
ssl1918	0	1	-1	0	0	0	0	0
ssl1920	0	0	0	0	1	1	0	0
ssl1922	0	0	0	0	0	0	0	0
ssl1923	0	0	0	0	0	0	0	0
ssl1972	0	0	-1	0	0	0	0	0
ssl2009	0	0	0	0	0	0	0	0
ssl2064	0	1	0	0	0	0	0	0
ssl2065	-1	0	0	0	0	0	0	0
ssl2069	1	0	0	0	0	0	0	1
ssl2084	-1	0	0	0	0	0	0	-1
ssl2100	-1	0	0	0	0	0	0	0
ssl2138	0	0	0	0	0	0	0	0
ssl2148	0	1	0	0	0	0	0	0
ssl2153	0	0	1	0	0	0	0	0
ssl2162	1	1	1	0	1	1	0	1
ssl2233	-1	1	1	0	-1	0	1	1
ssl2245	-1	0	-1	0	-1	0	0	0
ssl2250	1	-1	0	0	1	1	0	0
ssl2296	0	1	0	0	0	0	0	0
ssl2380	0	-1	0	0	0	0	0	0
ssl2384	-1	0	-1	0	0	0	0	0
ssl2420	0	-1	0	0	0	0	0	-1
ssl2471	0	0	0	0	0	0	0	0
ssl2501	0	1	1	0	1	0	0	0
ssl2502	-1	1	0	0	0	0	0	0
ssl2507	0	1	0	0	0	0	0	0
ssl2542	0	1	1	0	0	1	1	1
ssl2559	0	1	0	0	0	0	0	0
ssl2595	-1	0	0	0	0	0	0	0
ssl2598	-1	-1	-1	0	0	-1	0	0
ssl2615	-1	0	-1	0	0	0	0	-1
ssl2648	0	0	0	0	0	0	0	0
ssl2653	0	0	0	0	0	0	0	0
ssl2667	0	1	0	0	1	1	0	0
ssl2717	0	-1	0	0	0	1	0	1
ssl2733	0	0	0	0	0	0	0	-1
ssl2749	0	0	0	0	0	0	0	0
ssl2781	0	0	-1	0	0	0	0	0
ssl2789	0	0	0	0	0	0	0	0
ssl2807	0	0	0	0	0	0	0	0
ssl2814	0	-1	0	0	0	0	0	0
ssl2823	0	-1	-1	0	0	0	0	0
ssl2874	0	0	0	1	-1	0	0	-1
ssl2891	0	-1	0	0	0	0	0	0
ssl2920	0	0	0	0	0	0	0	1
ssl2921	0	0	0	0	0	0	0	0
ssl2922	0	0	0	0	0	0	0	0
ssl2923	0	0	0	0	0	0	0	0
ssl2971	0	0	1	0	1	0	0	1
ssl2982	0	1	-1	0	0	0	0	-1
ssl2996	1	0	0	0	0	0	0	0
ssl2999	1	0	0	0	0	0	0	0
ssl3044	0	0	1	1	0	1	0	1
ssl3076	0	0	0	0	0	0	0	0
ssl3093	-1	0	-1	0	0	-1	0	0
ssl3127	0	0	-1	0	0	0	0	0
ssl3142	0	0	0	0	0	0	0	0
ssl3177	0	1	1	0	0	0	0	1
ssl3222	0	0	0	0	0	0	0	0
ssl3291	0	0	0	0	0	0	0	0
ssl3297	1	0	0	0	0	0	0	0
ssl3335	0	1	1	0	0	0	0	0
ssl3342	0	0	0	0	0	0	0	0
ssl3364	0	1	1	0	0	0	0	1
ssl3379	0	0	0	0	0	0	0	1
ssl3382	0	-1	0	1	0	0	0	0
ssl3383	0	-1	0	0	-1	0	0	-1
ssl3389	0	-1	0	0	0	0	0	0
ssl3410	-1	0	0	0	0	0	0	0
ssl3432	-1	-1	0	0	-1	0	0	0
ssl3436	-1	-1	0	0	-1	-1	0	0
ssl3437	-1	-1	0	0	-1	0	0	0
ssl3441	-1	-1	0	0	0	0	1	-1
ssl3445	-1	0	1	0	-1	0	0	0
ssl3446	1	1	1	1	0	0	0	1
ssl3451	0	0	0	0	0	0	0	-1
ssl3549	0	0	0	0	0	0	0	0
ssl3573	0	0	0	0	0	0	0	0
ssl3580	0	1	0	0	0	0	0	0
ssl3615	0	0	1	0	0	0	0	0
ssl3649	0	0	0	0	0	0	0	0
ssl3692	0	0	0	0	0	0	0	0
ssl3712	0	0	0	0	-1	0	1	0
ssl3719	1	0	0	0	0	0	0	0
ssl3769	0	1	1	0	1	1	0	1
ssl3803	0	-1	0	0	0	0	0	0
ssl3829	0	1	0	0	0	0	0	0
ssr0102	0	0	-1	0	0	0	0	0
ssr0109	0	-1	0	0	-1	0	0	0
ssr0256	0	0	0	0	0	0	0	0
ssr0330	-1	0	0	0	0	-1	0	-1
ssr0332	0	-1	0	0	0	0	0	0
ssr0335	0	-1	0	0	0	0	0	0
ssr0336	1	-1	0	0	0	0	0	0
ssr0349	0	1	1	0	0	0	0	0
ssr0390	-1	0	-1	0	0	-1	0	0
ssr0482	0	1	0	0	1	0	0	0
ssr0511	1	0	0	0	0	0	0	0
ssr0515	0	0	0	0	0	0	0	0
ssr0536	0	-1	-1	0	0	0	0	-1
ssr0550	0	0	0	0	0	0	0	0
ssr0657	1	0	0	0	0	0	0	0
ssr0663	1	-1	0	0	0	0	0	0
ssr0680	0	0	0	0	0	0	0	0
ssr0692	0	-1	0	0	0	0	0	0
ssr0693	-1	-1	0	0	0	0	0	0
ssr0706	0	0	0	0	0	0	0	0
ssr0755	1	0	0	0	0	0	0	0
ssr0756	0	1	1	0	0	0	0	0
ssr0757	1	0	0	0	0	0	0	0
ssr0759	0	0	1	0	0	0	0	0
ssr0761	1	0	1	0	0	0	0	0
ssr0817	0	0	0	0	0	1	0	0
ssr0854	0	0	0	0	0	0	0	0
ssr0871	0	0	0	0	0	0	0	0
ssr1038	0	-1	0	-1	0	0	0	0
ssr1041	0	0	0	0	0	0	0	0
ssr1049	1	0	0	0	0	0	0	0
ssr1114	1	0	1	0	0	0	0	0
ssr1155	0	0	1	0	0	0	0	0
ssr1169	0	0	0	0	0	0	0	0
ssr1175	0	0	0	0	0	0	0	0
ssr1176	0	0	0	0	0	1	0	0
ssr1238	0	-1	0	0	0	0	0	0
ssr1251	-1	-1	0	0	0	0	0	0
ssr1256	0	1	1	0	1	0	0	-1
ssr1258	0	1	1	0	0	0	1	0
ssr1260	0	1	0	0	0	0	0	0
ssr1274	0	0	0	0	0	0	0	0
ssr1375	-1	-1	-1	0	0	0	0	-1
ssr1386	0	-1	-1	0	-1	0	0	0
ssr1391	0	0	0	0	0	0	0	0
ssr1398	-1	0	0	0	0	0	0	-1
ssr1399	-1	0	1	0	0	0	0	0
ssr1407	0	-1	0	0	0	1	0	0
ssr1425	1	-1	0	0	0	0	0	-1
ssr1473	0	0	0	0	0	0	0	0
ssr1480	-1	1	-1	0	0	0	0	0
ssr1499	0	0	0	0	0	0	0	0
ssr1513	0	-1	0	1	0	0	0	0
ssr1527	0	0	1	0	-1	1	0	0
ssr1528	0	-1	0	0	0	0	0	0
ssr1552	0	-1	0	0	0	0	0	0
ssr1558	0	0	0	0	0	0	0	0
ssr1562	0	-1	0	0	0	0	0	0
ssr1600	-1	0	0	0	-1	0	0	-1
ssr1604	0	0	1	0	0	0	0	0
ssr1698	0	0	-1	0	0	0	0	0
ssr1720	1	0	0	0	0	0	0	0
ssr1736	-1	1	0	0	-1	0	0	0
ssr1765	0	0	1	0	0	0	0	0
ssr1766	0	0	1	0	0	0	-1	0
ssr1768	0	0	0	0	0	0	0	0
ssr1789	0	-1	0	0	0	0	0	0
ssr1853	1	-1	1	0	0	0	-1	0
ssr1880	0	0	0	0	0	0	0	0
ssr1951	0	1	-1	0	0	0	0	0
ssr1966	1	-1	0	0	0	0	0	0
ssr2009	0	0	0	0	0	0	0	0
ssr2016	1	0	1	0	0	0	0	1
ssr2047	1	-1	0	0	0	0	0	0
ssr2049	0	0	0	0	0	0	0	0
ssr2060	-1	0	0	0	1	0	0	0
ssr2061	0	1	1	0	1	0	0	0
ssr2062	0	1	-1	0	0	0	0	0
ssr2066	-1	1	0	0	0	0	0	0
ssr2067	-1	1	-1	0	0	0	0	0
ssr2078	0	0	0	0	0	0	0	0
ssr2087	-1	0	-1	-1	0	0	0	-1
ssr2130	0	0	0	0	0	1	1	0
ssr2142	0	1	0	0	0	0	0	-1
ssr2153	0	-1	0	0	-1	0	0	0
ssr2194	0	-1	1	0	0	0	0	0
ssr2201	0	1	1	0	0	0	0	0
ssr2227	0	0	0	0	0	0	0	0
ssr2254	0	0	0	0	0	0	0	0
ssr2317	1	0	0	0	0	0	0	1
ssr2318	0	0	0	1	0	0	0	0
ssr2333	0	-1	0	0	0	1	0	1
ssr2340	0	1	0	0	0	0	0	0
ssr2377	0	1	0	0	0	0	0	0
ssr2406	0	0	0	0	0	0	1	0
ssr2422	1	-1	1	0	0	0	0	0
ssr2439	0	0	-1	0	0	0	0	0
ssr2549	0	1	1	0	0	1	0	0
ssr2551	0	1	0	0	0	0	0	0
ssr2553	0	0	0	0	0	0	0	0
ssr2554	-1	1	-1	0	0	0	0	-1
ssr2595	0	-1	1	0	0	0	1	1
ssr2611	-1	0	0	0	0	0	0	0
ssr2615	0	1	0	0	0	0	0	0
ssr2699	0	0	0	0	0	1	0	0
ssr2708	0	1	0	0	0	0	0	0
ssr2710	1	1	0	0	0	0	0	0
ssr2711	0	0	0	0	1	0	0	0
ssr2723	0	0	1	0	1	1	0	0
ssr2754	1	0	1	0	0	0	0	0
ssr2755	0	0	0	0	0	0	0	0
ssr2781	0	0	-1	0	1	0	0	0
ssr2784	0	1	0	0	0	0	0	0
ssr2787	0	0	0	0	0	0	0	0
ssr2799	-1	0	0	0	-1	-1	0	0
ssr2802	0	0	0	0	0	0	0	0
ssr2803	0	0	0	0	0	0	0	0
ssr2806	0	0	-1	0	0	0	0	0
ssr2831	-1	0	-1	0	0	-1	0	0
ssr2843	1	0	0	0	0	0	0	0
ssr2848	0	0	0	0	0	0	0	0
ssr2857	0	0	0	0	0	0	0	0
ssr2898	0	0	0	0	0	0	0	0
ssr2899	0	0	0	0	0	0	0	0
ssr2912	0	-1	-1	0	0	0	0	0
ssr2962	1	0	1	0	0	0	0	0
ssr2972	1	-1	0	0	0	0	0	0
ssr2975	0	0	0	0	0	0	0	0
ssr2998	-1	1	0	0	0	0	0	0
ssr3000	0	-1	1	0	0	0	0	0
ssr3122	0	1	0	0	0	1	0	0
ssr3129	1	-1	0	0	-1	0	0	0
ssr3154	0	0	0	0	0	0	0	0
ssr3159	0	0	0	0	0	0	0	0
ssr3184	1	0	0	0	0	-1	0	0
ssr3188	0	0	1	0	0	0	0	1
ssr3189	0	1	0	0	0	0	0	1
ssr3300	0	0	0	0	0	0	0	1
ssr3304	0	-1	0	0	0	0	0	0
ssr3307	0	0	0	0	0	0	0	0
ssr3341	0	0	-1	0	0	0	0	0
ssr3383	-1	0	-1	-1	0	-1	-1	-1
ssr3402	0	0	0	0	0	0	0	1
ssr3409	0	0	-1	0	0	0	0	-1
ssr3410	0	0	-1	1	0	0	0	0
ssr3451	-1	-1	-1	0	0	0	0	-1
ssr3452	0	0	0	0	0	0	0	0
ssr3465	0	1	1	-1	0	0	0	0
ssr3467	0	1	0	0	0	0	0	0
ssr3532	0	0	0	0	0	0	0	0
ssr3550	0	1	0	0	0	0	0	0
ssr3570	-1	1	0	0	0	0	0	0
ssr3571	0	0	1	0	0	0	0	0
ssr3572	0	1	0	0	0	0	0	0
ssr3588	1	0	0	0	0	0	0	0
ssr3589	0	0	0	0	0	0	0	0